0.662844165765148	0.96417253822465	0.185801868547473	0.545866905610106	-0.938226394201387	0.290410188966038	0.457906936893728	0.174173336583544	1.20475661891725	0.315978608483637
2.1940469394843	0.894246226759886	-0.111628108381072	0.40409318872885	0.65422211361981	0.896491780638001	0.103260196711713	0.688488337735393	0.488746402385698	-0.131253441394766
0.214655380206759	1.25324058901803	0.978995827569964	-0.0846540722993688	-0.230365375141166	-1.43055420046598	-0.47485205434548	-0.422091444439864	-0.954189354414446	-0.604974284458849
2.21476388992681	0.918389309589466	1.38549584320294	1.38410203633122	1.79582043148997	2.23108558973755	1.69871964693146	2.06058078126538	1.03695935268099	1.44130138166906
0.755255907520145	0.284323702043669	-0.312736825758648	0.688463922684808	0.77198153219463	1.85795776652452	1.44853445625525	2.33369967187467	1.40780633990522	1.47639226025242
-0.637169086809832	-1.05763548515175	0.657143963898883	-0.0558556747863089	-0.93431407265724	1.43212690334692	1.24644530374265	1.20639395751207	0.894211053429297	0.602687838924796
1.11677732211692	2.40792656259917	0.999478052597928	1.3026597214549	0.363351295795167	-0.583458010183634	0.730024930194761	-0.681528239059325	-0.693322058682331	-1.54565503923489
1.2973314577552	0.5116197396378	1.24731152316891	0.131756424487758	0.519216465027775	1.02992869405923	0.533628132119288	1.88942347334847	1.76019839374518	0.902436647278451
0.0990948329209225	0.0897775743935596	0.457159117322405	1.07983360120257	-0.0511496230321363	1.39442706915745	1.4971410528493	1.43423284446548	1.94149806045712	1.75291132725787
1.18854289388235	1.40194640689454	0.824887301868672	1.8488130101215	-0.424130984954294	-0.307363837083771	-0.0090373378614326	-0.299501380771822	0.513951150479136	1.00839842972002
2.52441226255444	2.05644322501455	2.52282623669349	2.07529981808922	2.91469710533872	-0.735090491230648	-0.359527204716365	0.388514835343147	0.664405795831521	0.159943829803627
0.799761259453855	1.60926648159131	1.5216239522549	0.720511001014388	1.60062360326646	0.458238396559095	0.674635772435445	-0.533252147724118	0.457558042037018	0.241106814121906
0.852336369260819	0.470438700170599	0.224334571677307	0.42786244062144	-0.198259681098407	-0.0591349131604603	-0.758449414146187	0.388824107127698	0.160901471991544	-0.987962512299064
-0.990193226799314	-1.80057773866501	-1.7894919808667	-1.67003437617598	-0.258459017451683	-0.615971276995713	-1.12062347196373	-0.798079701874507	0.0461390792338109	-0.151719742804149
2.23679187059862	1.44293323820233	2.14677457408524	0.874245694646467	1.12372026176908	2.02132342208838	1.43910947108297	1.5115799253148	1.50440717309814	1.32295708934174
-0.24479338145852	0.290231382337971	-0.334016030229802	0.431538455626104	-0.37186126774263	0.31834771382025	0.493704043412058	0.437833341536346	-0.42538636621026	-0.486966628531266
0.576577040473827	1.45230816679712	0.57729954260433	1.14720449388047	-0.0759105187496648	0.280997987823095	0.490926590173696	-1.63825863445978	-0.0082106966849248	-0.197281289749602
0.732549018904068	0.882288098907002	1.84421948544774	0.733770526011291	1.67936444289302	1.23991613518724	0.780455574949386	1.878676302612	0.88185222190947	1.27426818379796
1.36652639479753	0.713897428817289	0.852369228344945	1.45019152684455	2.46661092179341	1.29543009979519	1.33125387321723	1.31920730730672	2.12608319373466	2.00465825111784
0.690899600464053	0.467358025499387	1.05077926093685	0.329105179698021	0.134846070678347	2.39714294152035	0.832598442266587	0.366457245967684	2.17503185905663	1.96946116008109
3.02929240178944	2.3370464323931	0.178018610679507	1.32409675270611	1.98615631667352	1.50680888220057	1.97608189282533	1.16234463369159	-0.069493360198045	-0.165614836858829
0.918909832178822	1.40814014015241	0.66328812359578	1.63366568244893	1.43075840193126	1.12539039082291	2.04400962707336	1.9011178053262	0.329839189767329	0.194520183282094
0.9772683067552	1.33325053406251	0.934069595049109	0.54341737164586	1.20072093330536	-0.0359615953422085	1.70704196308628	0.446688678231353	-0.144437378581328	-0.169152500390493
-1.83292881432962	-0.407630686075581	-1.20452056950118	-0.81023291487326	-0.372859079374872	-0.818980761345762	-0.346132952215384	-1.33428034252335	-0.960600296196407	-0.736472040688387
1.537119308894	2.30415680658271	0.331481860111614	1.75123818454806	0.703286668720418	2.07954396460954	2.14019776325076	0.0755533077074275	0.951034508336327	0.87977908694967
-0.103916861196126	1.76979203219137	2.04987649908238	1.62553206704668	0.959180712662104	-1.48716720897355	0.303232625793431	-0.855476639732586	-0.295025620058405	-0.299692448609561
1.34893549907952	0.154464680575539	0.0364350214438827	0.847844734474056	0.464374646892826	0.427157522758443	-0.380357863178339	0.0823801105383645	0.213632707183719	-0.0230131316057057
-2.35011319931585	-0.635964220993461	-1.59383100788869	-0.822972033544529	-0.271316246234743	-0.902158384728081	0.509702818206854	1.33926282143941	0.514670128657009	0.80483387856532
-1.37889562375671	-0.0634076421347045	1.12296895028429	-0.0216981269720137	-0.195621497072239	-0.762247670861107	1.268173415918	0.615976382132303	-0.624119182108355	-0.0915398920363802
0.624508960361507	0.781094701912029	1.41315106169974	0.300878663386853	0.669365496162386	0.49874891831266	0.728078477526859	3.02110553565432	1.35015349215689	1.55734630751805
2.96891934294943	2.79705328279793	1.21728398912967	1.3871827214938	2.0758005958328	1.28372984062616	1.41172607663004	1.7525586776538	1.25030628971934	0.751261970146782
-0.156941056093801	0.933697172769173	-0.00214761802640344	-0.220283579899853	-0.298222488554057	0.721424458693082	1.41825588643892	0.977772070295081	0.426668225225493	0.964150898866262
0.599553787267215	1.53442696497418	-0.0949321565507499	1.38719099871211	0.32951279781037	1.09017449517406	0.77851202171343	0.99566892822018	0.785884628744263	0.401189079530041
0.846435641832709	0.222826802763681	0.321919259131596	-0.0190728102175989	0.875910019841414	0.329656391188718	-0.205997772937745	0.00503310949408842	-0.241598235018352	0.111700417396523
-1.52053167051722	-1.31115547337625	-0.656949070166012	-1.83332879688648	-0.426578590445296	0.91482632961452	0.201538633507273	1.22346517311514	-0.552431810518789	-0.922404226795139
0.393628075741067	0.981063608890327	0.965211715163172	-0.106175065327546	0.392301214109941	-0.138191359293331	0.359116607362687	-0.853741668376973	-0.826624097498273	-1.2121012473562
0.704455862304546	-0.585416251688438	-0.4155947504459	-0.565787165879468	-0.291265548388282	1.24651525690405	-0.36827588699783	1.41154675529198	0.166330278938187	-0.486889623476431
-0.822787719938822	-0.518062525048026	0.287169813819105	0.523732738289293	0.00121637727354143	0.767207726146844	1.12877959377007	1.70201463704458	1.22559997730538	1.19002149106177
1.36772472399136	-0.101971809508631	0.475263439308936	0.546268893856517	0.893211519655225	2.19031547284506	1.17110875151068	1.84016541025053	1.32628089563632	0.908772021113844
1.41657205326504	0.876458165923438	1.63736767750654	0.513881458570874	1.20465484768761	0.7107904687155	0.632270145424144	0.795964623458879	-0.028951747097816	0.341192128098928
0.616107859432518	1.09647672330433	0.131537792364398	0.813863636281878	0.0430035555089943	0.431199916382165	-0.1107574029597	-0.149988665843073	1.39260537806463	0.710487326477854
0.657066219240243	-0.0639129090070838	0.570258726479219	0.212297981211312	0.0995175756018719	0.481210859149215	0.872980375472214	0.293780124860124	0.851452590591859	1.35746930365479
-0.217730682329268	1.01778317494799	1.93224366923491	0.0824757916733192	0.574703064362157	0.262024149477541	1.24577992271306	1.98969731274993	1.68930109600077	1.77897605141118
0.0927112358947948	1.04002407464354	1.42862721979336	2.15873055748471	0.872644284719556	-0.617413221630616	1.69728146015991	1.31293468989162	0.581808565443821	0.544820705309147
-0.715307299347151	-2.42210501726305	-0.293984124193071	-0.0244101805893903	-1.34294208289776	0.969739167806427	-1.06554798332595	-0.102692384480662	1.41820876937689	0.118763292466053
0.286293662624495	-0.0451585161544692	0.22304231823974	0.229926279009334	-0.246317295586807	-0.487365521603101	0.202599509025822	0.0869432747894504	-0.674241578764697	-0.029292778566624
0.674388324214468	1.45098338218829	0.620640288434599	0.570237071191992	2.18875910625693	0.356594068289517	0.664396456863723	-0.0864188490316575	0.0307257104845935	0.472577041998181
1.81429171765663	0.292051825399718	0.210955683170704	1.78344012985702	0.392796911448509	2.5823317509593	0.364730573059917	1.83404157425068	0.441436890288679	0.361184654507662
1.78324663581541	1.41154028220067	1.51895223049224	1.93560104909261	1.79341025571512	-1.03077638886162	-1.04760400349625	-0.159496206064839	-0.97107735411275	-0.909649515377798
0.981244370373098	0.948522519707531	1.53989422098414	0.647422800110993	0.951424900285354	1.86885880387202	0.741535775117948	2.05810126870251	1.09810195372159	1.86604848276311
0.17558055318647	0.0337512230762724	-0.0430401166864255	1.05662628297977	0.412381087137496	0.477736482610955	0.45607421647754	1.31534668544145	1.15331616921496	1.77107631831701
1.23991111786637	0.102153476239344	0.334371329653393	0.0986937855800979	0.0705644742315387	0.112060795925276	-0.182286409127681	-0.00957176581389594	-1.21781840880429	-0.775701990826485
0.713868465951666	1.55484936462328	0.567294845536635	1.30377866256988	1.01020256755208	-1.50323536406448	0.282691364441736	-0.286466649067731	-0.806578901834447	-0.917513882710167
1.70858195074872	0.553042466235992	0.635621687785476	-0.176387140785983	-0.331036526632714	0.758717966856345	0.198307975006283	0.371837200678699	-0.735399125705542	0.0397081472246455
1.010301305768	0.456605528610274	-0.161180458995842	0.852621491182652	0.677258856066127	2.6235273188893	2.21680550350749	0.874795296672774	2.59973364710158	2.36597459436968
1.71301747850033	2.38667041009883	2.31798935568196	3.16455146669748	2.42085017044645	1.04727301814782	1.22284515211439	1.90636777774779	1.21317774791983	1.2607842395749
1.60465981476273	0.973656470977651	1.76563824201793	2.57831638183799	0.215160179440419	-1.00920129958576	-0.74540434845866	-1.30574887821857	-0.810084272205171	-0.607816703063325
-0.934599161560075	-1.69013960977249	-0.277152418870795	0.248274724444608	-0.875481254984529	-0.14508129874516	-1.03892281020523	-0.333035192263285	0.153678198739304	0.371851432752744
2.30356424220765	1.67361191284304	0.502087139611737	0.0650656754481487	1.79611467251635	1.72680260464926	1.35786961498008	1.03620711912219	-0.254498549121382	0.0249645533767993
0.613458808406471	0.791451469704967	1.37851166892419	1.63741252276166	0.0244635787752527	0.000853478872091834	-0.912666428648033	-0.72204998679116	0.105278479500371	-0.455839741752501
3.7332564320822	2.55561559247098	2.82989233308989	2.80477880381088	3.17707211523952	2.10557332763369	1.55645076391476	1.36734900863832	1.50305186869964	1.82530891018675
0.563674898686721	-0.759776175820178	-0.322974104649994	0.21638410377698	1.27421918911662	-0.199855446830717	-0.821223534246004	0.68191018242674	1.07213868622264	0.69653778303488
0.939442643857995	1.16026366217667	0.296376157308585	1.35344400907966	-0.340665339002855	1.77727410590227	0.894055759767341	1.19283259771376	1.41061041404654	1.25470508912717
-0.519826281630852	-0.247993623877155	0.125777525583452	1.41604454740028	1.06688947910853	-0.702688235428634	-0.698443788310736	-0.5721161199248	0.152237028524	0.061197584331638
0.309961466897314	-0.037294193944284	0.756628506226499	0.596296401718829	-0.131749927755538	-0.620200703973889	0.424599068400117	0.332823649237425	0.491807916406856	0.0319529685131918
0.257641277695642	0.210062725389117	-0.557983122528484	-0.205272813774347	0.452858053794792	1.2907999995292	0.490873023072419	1.1788745376043	1.30980018049595	0.932160080157822
-0.337851681042655	-0.847662630915881	-0.392003698190427	-1.41414617926263	-1.43067286501673	-0.962852032827818	-0.714459767377444	-1.6064325628731	-0.512710649806276	-0.680622336014512
2.6371537415466	2.02485174387988	1.2252430927619	0.470218011001645	1.61647303474605	1.99358513564165	2.43447073161588	0.929743815383793	0.781617887931921	1.33227751387192
0.748022707126922	1.29899282730264	1.47032695538333	-0.372986653085722	1.07036828632673	-0.0394739806370766	1.17792468232755	0.409348531159209	0.382348552570016	0.132286480801402
1.82855743448397	0.660955825595506	2.74825451736548	0.219578707325588	1.08828772543387	3.28957757442942	2.08133332439478	2.2197018808313	2.09525511068549	1.21134542096007
2.40741883779595	1.4480885286133	2.59303153686986	1.33478411124778	0.973416156731918	1.93312956664873	-0.198801016859304	-0.313331861584337	1.26088513004497	1.20503736490892
-1.12062226891948	-0.575993376524554	0.66481317014633	-1.55558183849103	-0.783979773385002	0.0598823116767658	-0.123569314603701	-0.0234629801133397	0.774556044538922	1.65753886515664
-0.0955600101923545	0.932532019392537	0.649011208336932	1.40699939858099	-0.489169499586105	0.298030887508066	1.67614325291115	1.03492517953101	0.360044909305928	0.681419226852621
0.966236098764155	-0.134960416241233	0.696794338510249	2.01121713623702	-0.18200161350889	-0.116294204926897	-0.581360967318981	0.0921427117871445	0.986877874242611	-0.197839952009761
-1.1631178919195	-0.0886811618033408	-0.236769774430827	-1.23636000409561	-0.726551664641205	-0.022431881902462	0.551164239895102	0.427525265503516	0.630340640995596	1.19559952584335
1.47571719427188	0.795053334801546	-0.0348435999232819	-0.54153225042415	0.959440899695082	2.18012510915958	0.593621755460106	1.52238344895453	1.44620630520798	1.14385535514434
0.185510714000993	0.748840440684265	0.0699478103181823	0.450848421071705	-0.198844572882648	0.722786947446436	0.554476782220232	1.0727681754244	0.337378139029245	0.641316343196928
-0.549411620753262	-0.376234773197624	0.068008006945214	-0.55193939871348	-0.815950464852086	2.1623764591708	1.06961082655484	1.63513331415491	0.0410649580439957	0.126666438573392
1.9241230794292	0.594447487752744	1.46558732541054	1.07600643829657	1.75741476120268	-0.223928899637043	-1.19681087913686	-1.32169463271514	-1.14051947943911	-0.995941463681342
1.94328762324449	-0.462749611918657	1.48833997776182	-0.20241865048163	1.83295001455569	0.916983385525854	-1.06529682711056	-0.647970400638595	-1.85181467776199	-1.16308714229579
1.01936815884225	1.22808191589658	1.68889655399238	0.0672633700240612	2.00135072750083	-0.773991633354751	-0.318430367157621	-0.685987697049686	-0.428210626073238	0.181699614652674
0.241831883378032	0.272227715337003	0.884125142183627	0.401548690456767	1.14881013267396	0.637643152489675	0.406093528589547	0.511036601274785	0.412019494047782	0.493029856180993
-0.172167910915482	1.0740061693572	1.10746326688919	0.603295717338372	0.724085137248116	2.17136823603445	2.54419603123614	3.04947320856946	1.76400215753079	2.48567311023691
-1.06154785938413	-1.72485810827007	-0.425882440465377	0.153655885590338	-0.605409973559029	1.1911291545796	0.0353967917851412	-0.0448804654821022	-0.0887591523338269	-0.276189777407252
0.143108893114488	0.262642713585918	1.1737412661275	1.01976463588306	1.26678833877949	0.510782173201169	0.309872502823489	1.67288774418377	2.58769494100251	2.87035614782979
-0.00696833920641055	2.0019894899795	0.80319380379016	-0.287113972044546	-0.497595822400718	0.733554600949739	2.5697291690333	-0.201180643633408	1.05975412489881	0.786905915859123
0.742429146451641	1.18984364327919	-0.0111186252249453	1.89907057396041	1.77228781865413	0.655700845661658	0.851183534931391	1.07314228456024	1.03367550978474	0.938003852752792
1.12651119398029	-0.0629109882805771	-0.0361076528971819	-0.586145848468391	-0.252474459919318	0.880799050255408	0.200760655399505	0.666234894355706	0.666229703749902	-0.0916211580212014
-0.950462620973959	0.0212377419611245	-0.613765692449414	0.273411337895708	0.959287112740828	-0.530074655596463	0.75170542383475	1.00223882719095	0.332710386020258	0.88283959112153
1.514634402206	1.79484346335162	0.500893384007397	0.984963446762183	1.38008162569533	0.270946257264091	-0.0925594396021077	0.402850447909096	-0.530896360521135	-0.136424810560727
-0.424825317089606	0.7764362224383	0.372632813610201	-0.44143490690676	-1.28919799782955	-0.71962582137544	-0.159254930181619	0.0646285611577656	-0.478673163718547	-0.130498508319936
1.98661711501696	1.37133986415281	0.46616601537815	0.787731100741375	0.198455094069408	1.90277935766309	0.795102373040163	1.37378389968186	1.40934181329208	1.3574881621533
0.250571385318641	0.775369877740403	1.54808059680585	-0.601596983582964	0.760022478196734	2.46866193291964	1.7415280142479	1.84134493345987	2.37681236966163	2.39109913199626
1.40151838371022	1.22433619053272	0.897322129777174	2.00834221787623	1.54017968801159	-0.318309653131909	0.655080024183507	-0.98048972821887	0.424000708057215	1.60662617761964
3.30651920175613	2.61421123528604	2.77739668082816	1.64836337552425	2.2939131088447	0.778049918359144	0.823121766918067	-0.187344701211789	0.17153915293009	0.192812625256679
1.71893819442996	0.0204075299846745	0.363052559611516	1.54722542686083	0.487317760514535	1.99921175896357	1.43595434887958	0.158487469267536	0.706877753188465	1.03416336138278
1.29598749970324	0.380862609854891	0.599167120362989	-1.05979408063487	0.627206185827331	-0.332404446009221	-0.62546194190438	-1.14112990233586	-1.15871794318072	-0.625639252577355
-0.0289352503683143	-0.146241626358923	0.301710344774979	1.78269451485631	-0.200114070567415	-0.446687251971609	-0.299178428613977	-0.451878616996558	0.133831194031567	-0.307524964316944
0.183930575948964	-1.63420300520979	-1.56166275518487	-0.860092953478028	-0.3063484206083	0.488379006945056	-0.483531117207811	-0.759408121159239	-0.889275007712172	0.0398424324901172
0.238815582298818	0.79015089963463	0.314591063643865	1.17609464443039	0.550990717434771	-0.519088148632875	0.534559555945442	0.387623448221029	0.297297968707411	-0.074102690300489
-0.742704934371709	-0.30868502629565	0.572859815813162	0.293407280312059	0.679148439085638	-1.04955463776384	-1.61824167867196	-0.0950568001527711	-0.247258201129582	-0.856222940742284
-0.254503985193168	-0.802613364468361	-0.373184071572279	-0.558976137792599	0.590850071504135	0.860820411555077	0.686167067797592	1.73357047542532	1.26858173679558	0.861850280092775
0.0276130762893668	-0.558774903034696	-0.112675080792444	-0.593467896889214	-0.615915432555133	0.295439466845007	-0.542737440662911	1.59251081373829	-0.401338366634382	-1.19286549491876
0.744329335716096	0.183736081294354	0.3079333956115	1.55046768369437	1.09304055400464	0.901067946061847	0.481909440263871	1.83030634664796	0.877174573033144	0.015318266227178
0.575249311744082	0.116902350865011	-0.97885137737395	-0.0144601069361164	1.28084606333786	0.0870051037900098	0.390615928959562	-0.711077994707488	-0.570444064280447	0.260534744910302
2.99088819386184	1.15630167637102	1.98989801169946	0.928153909600232	2.02397832716685	1.53363783683382	0.364165730896694	0.548587524162493	2.32927587029568	1.67064221897754
2.35599346282109	1.52683836754786	1.41789475701166	0.963268062204114	1.82006546926619	0.225096536982604	0.0275823652511532	-0.321083959663808	0.860081407279244	1.09041235113312
1.93264707114396	0.874603871839961	1.16485498710273	1.15456689264551	2.15432056795855	1.0103812091111	0.839006137653797	0.586164431192794	1.46975188399432	1.87354647891227
-0.863633339259556	-1.62390604816653	-0.819778448465479	-0.256277486856512	-0.783929744075851	1.80914964270379	0.156648127299832	1.99361346047344	1.70828322471286	1.45081812352807
2.11702833932388	1.58144219179615	1.30901585528701	2.52575031158016	1.09686927356806	2.9412972988036	1.80579422832035	1.50969272943966	1.58009564043904	0.711276755515862
-1.63557591467501	0.194031256395798	0.865424325554759	1.23770243790191	-0.379592854789201	-0.810192079267747	-0.0646746174053749	0.27770598037036	-0.519584133009003	-0.628565792102889
-0.657473751623969	1.12605452816423	0.379338868210434	0.699901003384674	-0.118100946740057	-0.288113105854911	1.12393091392635	-0.622425370925016	0.10951566935817	-0.0363036688366327
0.899175638266956	1.75508447505253	1.93671394858528	1.33277869732942	1.63579007795914	-0.239423887746929	0.700074208198256	1.99075212267474	0.696237484596809	1.00199684832062
0.917897244291802	-0.720151831243964	0.493989763181725	-0.147972671953399	0.694930835636111	-0.00559379176324104	-2.46293230436441	0.611833188228288	-0.637707178278191	-0.771032794787945
-2.75989411995352	-1.70881062991888	-0.73320020137619	-0.12274785827345	-1.59100774397973	0.456157119038264	0.387738557895141	2.00767689162542	1.1416098753358	1.38427326117785
0.200108321633979	1.27466368010805	1.09830925661608	0.417220186147935	0.26766599809397	0.347560341796096	0.642165366285479	0.484020809055235	0.0254624595060166	-0.375349630647635
0.55179937436589	-0.0944194302446945	1.93454590346722	0.992480922805597	-0.451747235219965	0.173500191981724	0.27794963701899	0.239391105756273	-0.0155371488343209	-0.149397052978638
1.53579515545215	1.05626892903813	2.35548385704924	0.582482848317239	1.42320607808738	-0.38550565125969	-0.435373419190009	-1.34798119067621	0.0832848465167515	0.637727982217711
1.48513578254746	1.69768780243535	0.469758093533227	-0.092881091604742	1.38628381602894	1.48998350070728	0.923005153036725	0.946080560983544	0.447773479017821	0.537125383074189
0.856595911417208	1.03910496231303	-0.0572352393473866	1.0463603574931	1.45266388071911	0.0715759006266673	0.840194800075649	0.454777365717063	0.901368014588186	1.08780235503759
0.49645258160391	1.21524504450152	-1.31915428217938	0.180421898509646	1.07411612477746	0.475015512756106	0.0274249337369402	-0.287490555562542	0.708231753880995	0.411693685425823
3.09700249975007	1.88307762364728	2.07138926573	1.31588456969823	1.27368862836824	-0.0275686329765116	0.17808309085194	1.27801668195814	0.328398570287102	-0.181503616988539
-0.250996641104606	-0.667813378880057	0.275395029128503	-0.505641926123079	-0.734157182091319	1.76655850225012	0.972394579366138	1.39106491873317	1.68808254960593	2.23988905855154
0.53448153492135	-0.537195974785791	-0.463495081268456	-0.0520839700236301	-0.554700864190735	2.41803664620792	0.70577831825566	1.95224048452818	1.77787765138691	1.523265465355
-0.589414608678483	0.687238050310151	-0.137378570337005	0.984757648050061	0.661453935025452	0.373496749588043	1.11547776449376	0.822242274197802	0.641021093620339	0.456585350513241
2.44963444650454	0.905917958781425	1.32807484234332	1.24112807713928	1.22582725988184	0.417819230764784	0.180337327051146	-0.339131336022497	1.09411783854327	1.12194518160417
-0.608339946749623	-0.453524185843938	0.598577096755229	0.439523499263057	0.920817062452423	-0.174970235862133	-0.0478323827580827	0.82946612240253	1.27531538992486	1.20371242942388
1.38835347945171	0.408952037422871	-0.619692488107157	-0.622049349773208	0.515635860219777	0.79793994913554	0.37114141288037	0.492651846068183	-0.799084455568941	-0.929067452532457
-0.0694536151768421	0.0808548481229402	0.432156421141866	0.363247337667811	-0.410263529757731	-0.242667556166858	0.835448656438579	-0.159047588838915	-0.142544684577028	0.286215682360747
-0.0753745118111839	-1.53426735451487	0.419221820599371	0.0464011686613701	-0.0127375880681325	1.42885666348965	-0.237217598441175	0.783171030015174	1.16294659435213	0.721601106265775
1.96528668242098	1.30218475482398	0.427987803098546	1.22892076115483	1.95629389313823	-0.144745503661453	0.00304939159632997	0.274156760222906	-0.198651496689049	-0.230859934249584
0.204255564593861	1.40519256480724	0.52649330866305	-0.357943395848678	0.520132460734793	-0.843218880330925	0.388920199244212	0.178008843538801	-0.0133188913899469	0.986738983743587
1.36014709099244	0.523016970810772	0.470275139323209	1.28298739507545	0.679331722012508	1.28116512786141	0.173689770632464	0.454685902266099	-0.655744193024272	0.281865621242869
-1.98819144485048	-0.239616718121551	-0.185594682112187	-0.460609329081062	-1.24616603812711	-1.60914529706821	-0.636428143740841	-0.625063346475077	-0.482250856114683	0.0707975786982488
2.03986488453017	1.57016767899821	1.14963252661542	1.47731290115544	2.10586947552019	-0.225218808470454	0.839546332314781	-0.209790770858604	0.437814872437217	0.558027417742185
-0.0674649044935395	0.958245920995135	-0.219413122281505	-0.459047151955186	0.115862159409312	-1.06394614799536	-0.0368531107849831	-0.723535735638581	-0.203358796428976	-0.097886627608083
-0.391180989944775	-0.209542505021355	-0.239498645556611	-1.83002647159968	0.318283387354455	-0.633669567149599	0.564232305165319	0.226263948634165	0.09705400689848	0.144452696878904
-1.44469290727906	-0.683830596072286	0.159435831258214	-0.329340715165104	0.246336146411606	-0.935610790997686	0.114836121398329	0.37593000566987	0.350605110051471	-0.212231907634437
1.02004819904423	0.121296547564669	0.829774658243764	1.28563828634794	0.840068160583989	-0.191292733002294	-1.41811948969503	-0.952501322769352	-0.656369644654923	-0.216113764653939
-0.24456126401286	0.927134417986536	-0.586425481141067	0.759470498387626	0.874945624855594	0.728848193065219	1.00067134049089	0.524957188682305	0.308065688040556	1.15884978454816
0.345769117365838	0.80643601888152	1.30637677301141	1.51441357626309	0.502081111727011	-2.54558693438151	-1.17468041260455	-1.55003078469311	-2.21359328614575	-1.97266376037386
2.1068887934022	0.804169167600397	1.28631102071708	2.1270674618361	2.51659701328168	2.20844167836103	0.915863935035778	1.11411782242814	1.08922731618029	0.923628860536745
-0.13333144888591	-0.554630172837782	-0.195720386986375	-1.6569629859964	-1.99761773846573	0.32654175970551	-0.0711897070172601	-0.649086125985238	0.287829719133346	-0.628094532199417
1.06804433956234	-0.42666961709379	0.516650004047259	0.365934532486393	0.781486043083597	-0.446405590542185	-0.528550212971447	0.0370541423685115	-0.403758995636713	-0.439282027338844
-0.683407383268335	-0.0955826182730386	0.590050935757197	-0.382680343575507	0.443211711139179	-0.136512271266067	0.199538655905525	0.321162735163076	-0.937701747767061	-0.452150182733956
0.269787640073967	1.48545269435903	1.5592346784993	0.446425148480081	0.127222491029827	0.0296367622646712	0.06570380852127	-0.342983587511415	-0.952463005908436	-1.5554345280269
0.894413117948564	1.39652869475568	1.31152881859988	0.855980722010544	1.55869866088768	2.56962385376545	2.6176532073328	3.10832926455635	2.93573834963692	2.89934725235346
2.77680095147369	0.929605659446297	2.64470382357312	1.46222051504479	1.69544287557517	-0.0389615950424769	-0.787975752151636	-0.264136347773793	-0.0366344010268508	-0.771531964136761
-1.02413962122462	-0.010532449798712	0.723015960581483	0.432521742244256	0.82292964770752	-1.72698591272727	-1.22081589373952	0.00592783178585155	0.155515074441429	0.4005151114227
-0.898254313754949	-0.600538406323549	-1.03508143827234	-1.23772930703846	-0.540454492390893	-0.580983867859609	-1.44234293959408	0.0509958496468922	-0.669635514968159	-0.603844037709119
0.751550695076548	0.636145299409179	1.37797901552172	-0.0384073599647258	1.45743839470354	1.4980516656868	0.194431466897811	0.460762601679645	0.0355771640520773	-0.394675187201038
1.32997565597245	1.08095311888955	0.879756796235366	-0.147444145568311	1.44988227509633	0.43707646311009	-0.232549451211669	0.690698697604092	-0.295568364644469	-0.15920893162926
-0.258663994823021	-0.802882675260199	-0.498008038671452	-1.13248643803695	-1.60694596959098	1.64822545617704	0.654890746568192	1.20005101811835	0.878505272431877	1.48206524874522
0.675542595264269	0.788012883471172	0.678227398488249	0.0658816581841652	0.450018777884434	-1.26558728967057	-1.74815839883021	-0.292852409906033	-0.582697852087966	-1.18533784766142
-0.555501093251581	0.230275343327403	-0.19088553704129	-0.581444842480718	-1.30386362942468	-0.282697933429987	0.00922572115288628	-0.0476721489660293	-0.694875744537227	0.0426300267064009
0.934801212920168	1.3260370911713	1.52252340698654	1.02722403193497	1.2787637827933	-2.49347482194845	-1.97089137796047	-2.0859285010989	-1.32961708246851	-1.11272153417532
1.11242590750326	1.2992837914655	0.507987193555593	0.374116632425829	0.807053921743181	1.30216074707065	1.33465420345831	0.561961853105699	0.712279812543308	1.63558561038164
-0.376197197478387	-0.496023560020361	-0.257909889004741	-0.581477877157832	-0.364933143856431	0.474155863336291	0.25957452415766	-0.0388649445729142	0.421211554469099	0.0432295062211392
-0.399467615388091	0.293289982922037	-0.166024007483457	0.799755267116542	0.129825979739385	-1.80379914122824	-0.939696480616597	-2.25207039129579	-0.0755471002683334	-0.110592252435697
0.670668515831381	0.57706916132348	1.2370288220607	1.6897856636731	0.570718248738818	1.50991748711206	1.76785414971127	1.12809911318504	1.72285974945208	2.37038901293537
0.437590156785281	1.45905227631459	0.637215487833854	0.717932476400074	-0.825391919557095	1.15167579786629	0.960950648039042	1.86254251722861	1.54467489677778	1.35731854596007
-0.429955106188364	-0.312030282407205	0.296330031022191	0.352101534025231	0.208946807725414	-0.0434920265193901	0.497215332567231	0.14179711890006	1.00793990061796	0.453860557733185
0.689667394017439	2.20911068066744	1.65806456873425	1.58746364469581	2.22986530157884	0.0740998110060203	1.16312472215818	0.943139952896762	0.972542975831249	1.15111240850458
1.32451961826443	1.35762272547616	1.14254763710047	2.20821430215997	0.990172566869557	0.234220773726109	0.163166321929007	0.144343687242767	0.675748217120189	0.497361640477519
0.942347857700743	1.67180070145878	0.502449732212381	1.61402727328739	1.09363562291177	-1.69979718012014	0.378153051003357	-0.556586801097462	-0.932791373466011	-1.07691582873095
2.05034977800236	2.05147355982433	2.81564189003295	2.90070641648731	2.20499511882815	2.42814687975558	1.75437205595698	1.94174253024116	2.65747815750279	3.06952381156367
1.32840649953256	1.86948052742846	-0.415684283151729	0.902243372867247	0.595843751947998	-0.174079649197095	0.0513164874547736	-0.133299166459087	-0.327130882461896	-0.380161921196111
-0.957182904401835	-1.26598788904094	-1.00757234824318	-0.385800343469751	0.346167404429238	0.271928151317326	0.183837417867376	-0.433648877098897	-0.45200425891256	-0.310846607255017
0.599156779853004	-0.0170401808520595	0.679972343855828	1.25688452978479	0.083542728922816	0.701292408156027	-0.289245439274864	0.10466899655035	0.387401143890201	1.12832878871572
-0.89542632655248	-1.77409214195672	0.159126523202899	-1.00507379437291	-0.583562573543948	2.71391333034592	0.977054997524837	1.90014868606747	2.0306743200909	2.40703369664742
2.56346383766957	3.71572617503478	2.41527022226395	2.99240488190758	2.31462092329519	1.62150045419538	2.40852937559173	0.738896946168344	1.17048950870101	1.26241357089978
-1.37020616925202	-0.356776483881468	0.952442659624959	-0.270824267622611	0.0788111690116536	-0.418523534802086	0.161591080761277	1.53456886314618	0.638910795359255	1.49696249063055
0.133348083205228	1.01292191921869	1.03654272807331	0.949551417399978	-0.627257200866295	0.0420135769938007	1.530866923396	0.666517516975539	0.48053916732224	0.867049579930339
0.397058327312983	1.1886692982519	0.991888401257583	1.12801596754667	0.5618383581544	-1.04725728466229	-0.263136689828078	-0.242239557635401	0.158006983534624	-0.380493212072911
-1.26642999075762	-0.281950033683329	-0.329603732603578	0.442239112016728	-0.224839110757891	-0.111958806957194	0.0945859721765577	0.534478369134656	0.170502465652985	0.759562130322136
1.60785128416712	1.1417000132231	1.56505016966507	1.52235842425418	0.385268713140717	-0.262100948571358	0.399596002508227	-0.0787493112780735	0.303840559763154	-0.252144067204203
2.37401280250103	1.51423456357093	0.673030495299888	0.919457842372111	1.14317357240358	1.62195213435537	0.396030222999481	1.28010609241126	1.34406227558653	1.48461806259757
2.04521759998828	1.6277504719443	1.97607764550818	2.32640720006573	1.91391415910584	1.90891321857658	1.55035391682495	1.40387358924734	-0.0717313766796963	0.25418378375974
0.142652007721035	0.643931403135274	2.39665535251274	1.6966317649665	1.31992968464552	1.34909307978094	1.40108862047394	1.25775519049923	1.02960451573641	1.73682732706947
0.465431385945016	1.34963813797893	1.83695700703294	2.1076358474535	1.81113556190262	0.381171677099232	0.872093555040381	0.861695894483555	-0.12975929863705	0.462733918783257
-1.14335520372699	-0.577847382722934	-1.75274125528851	-0.648826823582063	-1.43190422787009	-0.678855679718522	-0.103931320077242	0.640299709757356	-0.947564921895252	-0.948347954548801
1.96418801788958	3.2851800818227	1.50448870062701	0.932995642530008	1.37365493361981	-0.172044705216751	2.15052534400013	0.488847605579141	1.46884646307935	0.460083838946705
-0.250274340203092	0.290532592377913	0.652467231795981	0.437175269643231	0.848311310417899	0.729957652651229	0.644853450426652	1.09498375448035	0.717384718192708	1.20129173257004
-0.977305093496755	0.844322846530147	0.679668977490198	-0.653653985421984	-0.186974071015734	-0.724321780276801	0.446520048016705	-0.0904310612934268	0.445685179801762	-0.509915219595197
1.72944640683182	0.460904457886512	0.981720503570892	1.61042578310269	1.40620296131361	0.164161808206026	-0.524565621470568	1.78204813521113	-0.391064991812364	-0.162973881005054
0.00230425944651191	1.37942159416018	1.22657403585836	-0.991707808948402	-0.157479514538927	-0.357028315154288	0.268472056860592	0.229439002050924	0.593351648295113	0.384473108672234
1.59706833544801	2.28742636722084	2.77394067728445	2.00851659454251	1.8945801505998	-0.0852055212410108	0.925707023570887	1.6852738204187	1.01096100746599	0.988715476163129
-0.551221664998266	0.107660192397937	-0.101221354518314	-0.548988132152298	-1.38855905616122	0.875584361598525	1.20313926011464	0.755275868042548	1.02864287903825	1.20413837153166
-1.49267776986717	0.396880815564937	-0.899258747870428	-0.90669414391048	-1.29358298063481	1.02863316098621	2.10103992189639	0.396423287809336	2.42758121110403	1.5732501268238
0.18753615340975	0.74656591005508	1.07826254928798	0.659304227627825	0.355046475679301	-1.13181076125967	-0.187676105220087	-0.288883663621005	-0.899038429050509	-1.60638203798426
-0.0312814376103966	-0.411930532306365	-0.855810591311232	0.0679087490428401	-1.19780198651203	0.63975969000244	1.13201792717045	1.15547017026065	1.16342957781995	1.35306896146723
0.275153256412481	-0.196873701161964	0.533737325760403	0.0877092574880938	0.39074773954675	-0.39965007469047	-0.273912831296721	2.31185429775826	1.12439625775462	1.45602461097542
0.381430000121812	0.351936361428597	0.809112526323328	0.822526588103123	1.34478992034008	-1.40290832020156	-1.33883817411088	-0.255692246501056	-1.20774766364612	-1.12597371432564
0.339461369586605	1.275286303358	1.87736169575946	1.66831943834573	1.94923430739529	-0.0499724271394956	1.12482335537877	0.970728174738305	0.508787405236915	0.205791512847259
-1.2427147798224	-0.0775152002441671	-0.840878117220511	-0.206057380897595	-0.606198468815523	-1.57667981490806	-0.134549567695276	0.569823495305624	-0.26665445385083	-0.934015721535006
1.43026608822627	-0.113648931372409	0.487571900322796	-0.0275983918745279	0.0281672101595171	0.725890839520063	-0.163140689249583	-0.187472014086686	-0.184662102078802	-0.0027480174821196
2.22712869353695	2.54203736627257	2.36162227023478	2.52446047607381	1.33222303804112	-0.697630719082046	0.129873951220971	-0.534272315563059	0.48684612819275	0.210595830733545
-0.667789252364662	0.369134345091489	0.334347689874203	0.267720851367069	-0.116645943162273	0.248102490273196	0.0345025717670412	-0.0649485315569959	1.33971503193254	1.29656277176803
-0.308171933528767	0.42408444986624	0.721332184896906	0.885536814876213	-1.11984136791694	0.714922684995635	0.871906720943964	1.11768558429197	2.24718565304107	1.96618751733895
1.61147632600747	0.239591925561932	0.726241231790494	0.260717365160062	0.286278538860699	1.75208164811518	-1.05469621948471	0.571449291725787	0.733724596769407	1.49136641448033
0.898325009093754	0.874553855131782	0.616803647098871	2.18259221394873	1.65888924393491	-0.67244734200232	1.08128141220924	-0.53240155813244	0.851162272507174	0.824901757156405
1.15468740343779	0.969013624211293	1.99791175047239	0.215416056769581	0.572602920804429	3.96877997056809	2.68520103726098	2.72158975258372	3.44571308234796	2.15480462028113
1.06605929136438	2.74364527709018	0.466532232003847	0.528941613241984	0.945872718200453	1.42522707255643	2.01084091382591	1.56050044687538	1.78054098221787	1.24148163942612
0.397992546447983	-1.07494502469656	0.318381407854015	0.0735814758002225	0.28483984093146	-0.34132765752508	-0.316601514824266	0.200286414157424	1.05027049152482	1.00139005848967
-1.55337260445718	-1.23762952530341	-1.29597135917758	0.00359061901739105	-0.319973982743246	-2.4699912971582	-1.19555261969123	-1.54098810003279	-1.17271134192639	-1.34824994324338
3.13271290062137	4.08186078705852	2.47953777306132	2.88929013417621	3.03480273862175	1.27381524634232	2.75961531635563	0.914134929712177	1.21290476703633	0.590406780638259
1.1068074822565	0.3619260198127	1.00551114484982	1.69836919330856	2.30275786626718	-1.21424717879998	0.181655368242049	0.325726562793682	0.11888797959452	0.802167461581179
0.0524737772996546	0.00518253801577306	1.02254268879199	0.943015531119947	1.11798313538437	-0.0542298533812567	0.558078831173497	0.894788432984906	0.712640636893905	1.68013494443479
0.32728963428435	-0.365907066458389	0.21693749603985	-0.655524499228521	0.660613318772765	2.00570134023916	1.34857468763387	1.4911380367807	0.668269586829292	1.1351350116925
-1.1590323177709	0.122490723157057	0.432350937489845	0.00862969952579662	-1.73204793001058	1.13733434970907	1.25499921215415	2.01540064349873	0.818479493122502	1.10417038450415
-0.910403902194911	-0.0497162341897404	-0.426962691493896	-0.314648343744964	0.301233438816278	0.585854982515541	1.01899825937732	1.1082091597307	1.60872460751134	1.01308674891567
-0.0618766125467193	0.637270263536472	0.836401134346862	-0.645499609122237	0.998993644685182	1.14403288946988	1.68092883132191	1.12205091908625	1.63202363954465	1.9871105398624
0.351675446886842	0.077180466976114	0.541081480781884	-0.179728327803338	0.23700247103078	-0.0510877200386847	-0.126075564386672	0.126745423926979	-0.213187464964678	0.343493218175422
-0.876189512235301	1.10817427435633	0.00223236408604752	-0.595331777083876	1.1794557554496	-2.04947263733597	0.00675857762650578	-0.565845828197152	0.095135270457527	-0.539231885647424
2.51503757577634	1.55778131965672	0.29269672355466	2.57536884082295	1.52358961095816	3.03911209876689	2.10288040664001	1.48747367651817	2.13723875030174	2.23613885162943
3.24450845591108	2.5016034600059	2.13961946101641	1.68774405451857	2.29854712353869	0.746638173008936	0.642635217131213	-0.371599066204118	-0.095217851793326	-0.407406717362415
0.512209457584955	0.65791962099496	-0.83933933373746	1.49984775130341	0.534439182063068	-0.449938213130335	0.308019242185803	-0.996555525304658	0.44168300928391	0.881162943009099
-2.11067207124594	-1.12745825036258	-1.80729739068787	-1.42023085991583	-1.61286834688887	-0.602653589403016	0.500006462103203	0.38983849155796	0.780532067168821	0.0243926366256377
0.819825593925573	0.702437546966884	1.66197322867524	1.70028474549589	1.33221643682682	0.536918450945605	0.797018530193521	1.56887389313801	1.1578705889878	0.698214036739077
-0.24872019634409	0.0143910368506992	0.573587781517765	0.565951202620747	0.151335782144143	1.08244666081503	1.72138681932183	-0.118436296731122	0.532917417556939	0.789088338960318
-0.917005603487015	-0.542595190965261	0.00734041615487468	-1.50214454814409	-1.18998475685057	-0.672404999227389	0.254373098419187	0.86276659545611	-0.75586282341799	-0.141912765745275
0.678749797404151	1.33069918208506	0.650288205927462	1.5830313919923	-0.51981007220051	-0.848418213226178	-0.143788271706611	0.336591844238402	-0.0780536940275957	-0.724223487177336
-0.850699122932234	-1.14848350561522	-0.194182771800146	-1.13378230651974	-0.762951494751339	1.2994567164116	0.703576186426829	1.57309405079664	1.41910639700586	1.23341175934191
0.875893452963005	-0.582054334821227	0.310737597914678	0.430906376621876	0.208178503372397	-0.400700299402173	0.121713858771478	-0.0571599321419966	-0.423592253326672	-0.18982410785522
-0.254405633940682	-0.441169178423929	-0.479604250162832	0.400358730812202	-0.293200383648007	-1.41627651979767	-1.03808918571565	0.188287165143765	-0.868038436057861	0.0303491988478911
2.64312234740332	2.5197350584419	1.99997964847172	1.94657295894151	1.30914398611454	2.21541031187874	2.63749189620918	2.49793585628659	2.06840269252975	2.03415085136145
1.21146679239446	1.21574537185425	0.497067035330506	2.02502838764908	0.57441501137562	-0.317939053180555	-0.815768074698582	-1.73606230497009	-0.501182311603954	-0.533340442109604
-2.03711597959615	-1.59143147632439	-1.11901733921545	-1.80982649484662	-1.32040212466004	-0.581984817913827	-1.14200480675713	0.279591693701835	-0.758214984518899	-1.03263207301858
0.392229458740439	0.457811499051546	-0.824318128219253	1.83829854640793	1.09799158271825	0.877537445992523	1.89523080137711	2.00147891031859	0.910707242097627	0.798857110989604
2.19518071561108	0.316803805040275	1.45908791997286	1.26078151206336	1.52404709019418	0.848211965519269	0.100714525405458	1.27755484580106	0.228348418947189	0.362126659668695
-0.490434617635019	-0.641075275664052	-0.256783226734892	0.396923710482266	-0.442809721336027	-0.554541098994625	-0.378928249133887	-1.13162642540925	-1.05502901539189	-0.171974979491244
-3.22982897716213	-0.497576582115276	-1.23655713738366	-1.15420124335491	-1.07253894925429	-1.98732398881104	0.0189787262501562	-0.794337088237827	-0.777177924632268	-0.867104487525415
0.495679437909958	1.34017466558287	-0.811085169590754	1.20227662604847	0.821441197126844	-0.412021243732469	-0.195712243541509	-1.07416082787157	-1.2974867188483	-1.12312429703876
1.36998461319805	2.19220315021945	1.26910445910036	1.20285206474641	1.80745984378684	0.193073630495166	1.13333170373501	0.371417644941045	2.22407912186773	1.97101728465333
-0.745066008558013	-0.722480956939373	0.368600832570704	-0.131711089333802	0.648793203398542	-0.506499365515272	-0.787862868401622	0.911304445422892	1.45892205831673	0.938416582523895
0.346335616912593	-0.283263743592163	-0.236768309092868	0.168594482626339	0.343901855258531	0.598160197129172	-0.182100668508124	0.455804489119452	0.509651917527298	0.638064890230386
0.198735148882451	1.17622656959995	1.99517407649859	-0.124173036329282	0.51631070865446	1.07932018312486	2.67331335475148	0.460040070540728	0.744279472738391	1.29780856332499
0.201325413791398	0.461976656115367	-0.3297292543738	0.0220842409065356	-1.5521634907993	0.481634345724648	0.0772762352902107	0.254864164642473	0.670486391249377	0.466943732597189
0.36901424663553	0.538143284728147	0.865085802601773	0.253052687446947	0.958002286051209	1.74685246167625	2.17770899671498	2.040491352511	1.7395845064114	2.2144914602128
-0.0656466602719087	0.597206675648606	-0.05077546953745	-0.970684415842564	0.685167129337753	-0.01669963803443	0.479175946209025	1.23108655130087	0.738170617295486	0.420160214627763
1.92803161787726	1.80818145068338	2.73297526578449	1.59150026199214	1.96524310782977	0.472323353468146	-0.366582047757201	0.218029766038429	-0.803394209486591	-0.569058042132078
2.20313842410512	1.74634449451858	1.89304858995194	1.86759325292424	3.01656930802992	0.95419080636136	1.11275516762548	0.0857282514920022	0.73911225389864	1.38428200621513
0.232296620553843	0.124367550816208	0.706517764378318	-1.02330156466163	0.344559208733064	1.54933623292617	1.46732372338513	1.3546706858224	1.02524592878451	0.713754226277555
-0.408713550528119	-0.398631012108284	0.0910117875182679	0.267455001377524	-0.379860258756994	0.400747275125033	0.295479929016744	0.438714556593122	-0.233686201818458	-0.309001859689433
1.6066327383743	2.04844301362314	1.89734208940334	2.37082378997085	1.64275655978435	0.292121582442443	0.986006427267489	0.929335033191883	0.738657336246188	1.01226924720784
0.93505126624465	-0.191724693744553	-0.612301713625294	-1.37515194287396	1.15121968173188	-0.559420391704536	-1.81725911722414	-1.14971294034485	-1.88489143109717	-1.81116335291168
-0.28638894446043	-0.522969197084617	-0.359877863606338	-0.573527470825541	-1.31201993401856	1.452047623934	-0.285841320691101	-0.270861215068685	1.14416483620399	0.968206073179527
0.168635897848988	0.154796271013331	-0.516120936534906	0.0809330340989334	0.870460428162951	-1.09804127809367	-1.00319213477793	-0.644020690366836	0.0319995901038903	-0.0688074684400095
-0.882585687300215	-0.239080132907206	0.791690720657745	-1.37773816378146	-0.33847405411927	1.21120768114729	1.90982664440787	1.20269637169758	1.57419009114173	1.41706092027563
0.814181103650088	1.3803860674861	-0.886416754127213	0.934503260085	1.43877902521169	2.70298061409386	3.15536024171517	2.67845043808001	2.99080911502469	2.89210091095789
1.7674113027663	1.60262939294814	0.932779782213795	1.5890681885441	0.85188939748177	0.142221913607447	-0.00919456411078817	0.0868755566875621	0.0832069022826062	0.291505852605931
1.76202002680292	2.1886505713895	0.823696616136121	1.84987955961597	0.238611279561748	0.744808122180756	1.60718123369776	1.36237658735409	0.741724487879567	0.015795929931453
0.922815758392952	0.693734847558	-0.0723740374421253	1.76542826521142	0.754931024987054	-0.441576174670025	-0.827705797837419	-0.0704286371543374	-0.682945418629528	0.0201555574992061
-0.306595405676824	0.830757387362748	0.797020916983891	0.576903387934774	0.387020868911883	-0.526736334414665	1.05050156875535	0.452857502319624	0.34823365336325	1.11265076358907
2.70492234545395	2.10486971503781	1.27496734483038	1.21595468457523	1.10200659041673	0.606573286484784	0.940100424246992	0.295825525903077	0.995202872412673	0.471098997434084
2.44361892539861	1.07819049316947	2.5063235295264	0.413921672113434	2.57740448477994	-0.146148860625721	-0.634355402869215	0.590318256047322	-0.4873558665913	0.38960842453607
-2.4083824124605	-1.64485894609938	-1.88001963917578	-1.59856314114522	-1.99868009658052	0.367628621241895	0.0365332704187646	-0.175325727130639	-0.737081268012022	-0.762980077985114
-0.210071717413256	0.410084133564009	0.452068012892734	0.0817524734622677	0.647239503143251	1.05477793686813	0.783809132017906	1.04722321060308	0.739231136515091	1.63115352950834
0.237549120555103	0.389504461338973	0.601723429038255	-0.624417436031411	0.953929109078546	1.59174502204304	0.393746023891939	0.519675200875881	1.74794822025348	1.63911992337268
-0.72776214000376	0.190781934449132	0.394261991202182	0.962808563333448	0.222281228899056	-1.16745313172086	-0.030944352203128	-0.421389779339118	1.4068424528827	0.970487768099963
2.15091888607872	0.504993045211738	2.01329076096214	0.400201888003147	0.54110793522523	2.25252456605898	0.820113710684144	1.53022542197196	2.06472529143897	2.06431750218065
-0.428285315248142	0.056499461666697	-0.749956756694989	-0.860796243439793	-0.843336683367728	0.211589939453638	0.601447681022908	2.03242680896324	0.593392813781427	0.484131713598043
0.929388808660781	0.953423682745565	1.3765740361438	-0.0677770432711572	0.771201063644339	-0.151340597060656	-0.441912451428105	-0.382916439229427	-0.0276964183901506	-0.845450521602011
0.898212846343926	0.298825624568956	1.17536567492625	0.718935111145302	0.125445820888296	0.685004073579636	-0.139206258310024	1.22828369818475	0.0384336627140479	-0.00299614281698168
1.4344207854997	2.39501788184675	1.30994868036571	2.16850502145862	1.279176251171	1.7567476127371	2.39379034703749	1.94763533220227	1.15216116965782	1.63868015119072
0.558072852455987	0.0110394689268044	0.0791789057171209	0.0700881774553653	-1.6313759793275	1.97680448681663	1.42900727969478	1.50530051564571	2.67233263567999	3.19119596156184
-0.348211957091596	0.621785005265009	-0.0189124582053715	-0.308722849972742	0.468954975126336	0.704205872068708	1.02853528336021	0.225433803195769	0.122653955529397	1.08054547980513
-2.44435003153275	-0.885724008265363	-0.0219368070226603	-0.445790915495547	-2.23078642947721	0.563778655028997	0.476061150531351	0.755551575100649	-0.449015428410623	0.264889979042921
0.267603313291938	0.00689814429182595	-0.323711697210969	-0.586354486661494	0.308189846609747	0.23730026721232	-0.112385323955061	0.0445963020972549	0.556584466968422	0.632554539050992
0.225202956298758	0.666777092361088	-1.50090536441623	0.631836311173073	0.29726766441592	-0.799378303681177	0.345244746274124	-1.2050466940274	-1.45100644186418	-1.17699057231905
0.408812385087108	-0.256056389741353	0.110149377188639	1.68653920033568	-0.262924590435529	0.617204426070585	-0.72018254425773	0.302063645062237	0.42420715231498	0.880741153254701
3.01539820920829	1.70253124045485	1.1926018475035	1.40872647477818	2.2413476853274	1.39006406678212	-0.296341174890342	0.638952678375032	-0.598550750304231	-0.472225116702682
-0.895502053229876	-0.43595246237134	-0.758021543045048	-0.685339720381069	-2.10622700186854	-0.196457966065407	1.1676039550321	1.02583080486838	-0.152568377574613	0.460758358275362
1.83778507391608	1.17907691732554	0.847681337631009	0.676599294370052	1.44985151495831	3.9873196522435	3.46212934116011	2.51409513011044	3.0143605226007	2.90134422070533
-0.0350638898075351	0.420454879606824	0.130659796602285	0.441724003062298	-0.131222025275675	0.153264314438823	0.0987865937460404	1.43618595165079	-0.0109103578560951	-0.296363691693718
1.43401933546019	0.88219265011287	2.6526797596506	0.719950187741183	1.43481518663576	0.639327227124157	0.121477487673086	0.177321303566126	-0.78381896311155	-1.08460831041261
-1.31085868833103	-1.40178283488934	-2.08337818348389	-0.539079725016182	-2.16000401626226	0.423989074601428	-0.677640221117543	-1.53098455859515	-0.135322109736893	-0.495958592709251
0.371308828585405	1.23115802091607	1.51160831549636	1.16601125960194	1.25488117868897	0.389102794388614	1.47470237797782	0.762790430902121	1.09173075585892	1.82230393452015
-0.843228274265785	-0.00469938567299874	0.72923964604351	0.174204353517011	0.152785636154939	-1.33535421575895	-0.557510775719817	-0.0622177501280402	-0.869223010302385	-0.796357260070526
-0.274788075797274	0.459390600774021	0.931683959831015	0.253078503023384	0.656566465580451	2.03615702988285	1.31513452345759	1.35674952486623	1.22067764722561	0.698864389790779
1.31887531199187	1.18135784416275	1.17877954611637	1.13510928425108	1.91063317950571	1.00196111696101	0.0592788365947471	-0.0831854993317182	0.185787891607636	-0.196993153251254
-0.0240890167682365	-0.0126281777922559	-1.60664329953462	0.411700072192204	0.0525740633827216	1.30035957940885	1.40135396398753	1.24534765795144	0.285553728211877	0.114441976439153
2.17704760523334	2.43962594761245	3.19216661607281	2.94594503985205	2.52720470247407	1.95100694742173	1.43548457792083	1.71330841280176	-0.34486313865962	-0.247632554995928
-1.03131925217472	-0.459999077063014	-0.100810877105897	-0.530668742259418	0.467654572198707	-0.61396824568878	-0.231403778185888	0.0812688528395926	-0.0570178991273087	1.16721573045903
-0.763612272713768	-0.0620536195505376	-1.20364985766388	-0.906490191711224	0.0670293106061855	-0.190630962348517	0.660786613772148	0.538570326487923	-0.0931109355207178	0.425391474903695
0.200174788140513	-0.380097509844927	0.270822123064546	1.34267092084198	0.00372720562326767	-2.04190875261388	-1.37811915887801	0.256405984224821	-0.253433294569627	-0.758527306412047
0.0691436684316551	-0.0791529877770227	0.498959460946161	0.0207099177943708	-0.519717874028506	0.994386108845216	0.271602245502363	0.735395229510295	-0.399898427639084	0.46557161964493
2.05220852332705	1.9600203426946	1.17100589388226	0.71282009059688	0.758428912544473	1.59734223479278	0.472996604961117	0.144749475342308	1.59000852915773	1.57407651030907
0.595016678638502	-0.340678452621248	0.304895666153519	1.46142661797795	0.398042738815391	1.16679572838717	0.645578548016726	0.350291578523429	1.80046431816469	1.20650172752147
1.51498395073039	0.789273467383737	1.07185242621805	1.28791629773293	2.49020992214474	0.0903329047492987	-0.051315417399897	0.0320119299656439	-0.390661617612537	-0.268235182679011
-0.00950536355128731	0.455572450198893	0.806315154268243	0.648823585902117	0.943527930123157	-0.53882831779509	0.160341950016929	0.40539712586504	0.236583755579656	0.467588288939568
-0.373018983441167	-0.344430347207143	0.103512714843646	-0.244292596653287	-0.300859696946592	1.92919023408578	0.915978412183708	0.859944509546753	1.41433721018651	0.925622397153405
0.563672716367953	-0.460183242931045	0.637715777293199	1.984511588847	0.336814259651086	0.805670931378992	0.116300602015526	0.66815336665131	0.200589988375659	-0.253579357999912
-1.08144798523561	-1.42746274546107	-0.424438636776568	-0.737724950339673	-1.34277151696033	-0.0472886119008898	-0.964439994088628	-0.873974650035325	-0.420440641857026	0.00966320380119037
1.62471960339981	1.50506624224205	2.68680710616836	1.59667441791602	1.99529167412719	1.27886782627631	1.55555408176347	1.67341897337603	1.40616085633921	1.81760372495823
1.60755446925132	1.1887049136603	0.787395548207291	1.18273080694895	0.960506933506247	0.0462985767520575	0.397618655498803	0.00172267159471103	0.708604153508371	1.09257269145845
0.676991488547239	0.741004990560936	0.274030000337862	0.758819043105407	2.42357391203809	0.617730947750128	1.17844704715492	1.62324676220439	0.608213003043992	1.06907441408074
1.71262692489008	1.17689949127198	1.7023008997958	1.17895400631449	0.726264296069835	0.326287847844315	-0.451657666001772	-0.0778250207108029	-0.0260876579109081	0.376298408752773
1.81540645307541	0.498125646079346	1.7208802504885	1.39891851459825	1.21940396563821	-1.2086958183151	-2.21618044485309	-1.87169199184805	-0.284226217729687	-0.602994840802686
-0.325038132423618	-0.259842263021165	0.150338270874259	0.267996733245272	-0.335897115230688	1.48275591229322	0.723781548709906	1.4591737773006	1.3174751890368	1.30729485388451
1.86578915257508	1.58607325063041	0.779805003557899	0.742979382648534	1.94510855299951	-0.0561861050847984	1.41259536617078	-0.655948205061059	-0.439872888468678	0.308546232560416
0.816942536419151	0.057003615556693	0.786324606964002	0.344996099796361	0.637894031336591	-1.48399817302368	-1.93954357715145	-1.12057224371615	-2.12181269020297	-1.34677925551312
1.73148107659016	1.23934546465899	0.204699464625243	1.54970242478195	1.37806316251415	3.16729624159133	1.41194845935833	2.18262889926603	1.72212070112051	2.33165665632675
-1.02737858137811	0.434498786432896	0.781432805628989	0.165062504535918	1.03729631286866	-1.12668153864128	0.390287694657889	0.024881921235108	-0.734045211348291	-0.586235641674119
0.855253267344899	0.678472511345474	1.64022163353954	1.8073279741281	3.13145873072819	0.606712726034527	1.06497056190027	1.5237188117284	1.85404653605612	1.57408668222704
1.50645848309378	1.55051748809492	1.4441918636475	2.01656946528131	0.695072178963479	1.9854817509004	0.89391107245363	0.778615381911496	1.30389844024414	1.62805908540963
1.04225320830718	1.43777343222961	0.376641823219641	1.47543217082495	1.22855972593745	0.787404655341349	0.711996112825748	-0.262387606030426	0.0459057582080136	0.628049016900412
0.120175559441985	0.977492280064056	0.0830419123311675	0.708162091137469	0.589038970306281	1.2178592477661	1.89317606529097	1.72444213019321	1.73427101636057	1.03927084569234
-1.43454493559562	-0.46296494378865	-0.988924248764836	-0.306733150393229	-1.17741748018148	-0.225250960121883	0.654806616382862	0.311780817807518	-0.324515038252799	-0.360671866029026
1.79390441433257	1.52703713037344	1.7372693501199	1.95347044185332	1.28714321220078	-0.238950792614581	-0.566043701039287	0.69083104678922	0.713344762758511	0.0139301881477915
1.85434160619207	1.16067848435545	0.806441301562703	1.36067283751544	0.303159071705748	2.04670259879737	1.65690898368358	1.47849305851555	1.53201219727825	1.60045990720242
-0.217138244614495	0.666282398932725	1.0930593223621	-1.1954594567073	0.679448401481992	0.846583679836915	1.1551739965088	-0.736496887748047	0.734530310782987	0.143375730802757
0.062757565952389	-0.736184903866752	-0.0198091492538656	-0.247106705866784	0.15136615421969	1.66718516818528	-0.10048105310695	-0.439007845550524	0.139930188095204	0.395128561724831
1.2226883092716	1.43529784717353	1.82930745398705	0.945390096859774	0.655446711824126	-1.74000341909868	-0.704378357368626	-0.655942578328773	-1.60840707419413	-1.02520224627561
0.915162389223788	1.201689032473	1.48766230076954	1.27851695455376	0.59714984834132	0.730053165338353	0.293577173073854	1.79623303999151	1.35546127241997	0.946693586660319
-0.0254648595324335	1.33655097916595	-0.286022630574332	0.282710837675676	0.00575385347292026	2.09356362697782	3.22580844586181	3.36737359322051	1.33103550987954	1.26169504525182
0.172850436745048	-0.0940328501487346	-0.49039746478184	-0.194152760840496	-1.18337872645074	1.4551773633467	0.8382986688512	0.525587773241137	-0.256723524842523	0.171129429318786
0.337752091704311	0.695101367317754	1.27917772674734	1.42775180296732	1.84018032438732	-1.15635893452542	-0.314340661679883	-0.478121566986525	0.136113784818447	-0.13203911391703
0.0267496308975556	0.698723645203889	0.412819715329495	0.273522044862552	0.864448173620602	-1.36510690888115	-1.90533659185247	-0.911118813842401	-2.09467172192679	-1.12382062767945
0.162983782581206	0.574157684197155	0.869934479308694	0.598823564816841	0.216778524810177	1.36603986091445	1.23056862519267	0.752452066182003	1.56959966479185	1.37773281573772
3.02140103687335	2.12821912390389	0.44281464622033	1.33733719006728	1.44171945559456	2.54477630221408	1.6966295753913	1.47553670102771	0.254800967492292	0.630377382209492
0.334279673028723	2.63631023617254	1.65150519161687	1.38364699334754	1.78272897737961	1.75105772677094	2.32713047772354	2.30156429880105	1.2282437455298	1.5373893162134
1.08087310908928	0.85250969683648	1.1959006330944	0.22605841711793	0.465531193377209	1.19538862442889	1.0448204326422	1.11948204720365	2.24313538180683	1.20822896112318
-1.53180176195985	-0.58484278946841	-0.504085244269392	-0.586186502307888	-0.868629233294761	-1.35023336828855	-0.211823954220613	-2.03680051562991	-1.01800333834841	-0.966920370732973
0.455823835550383	0.185334699504195	0.706843025880957	0.326050034677737	2.26302957068178	0.581951725622279	0.592682138001171	0.770128528326212	0.703348865121361	1.76384688761915
-0.180772048264193	0.0879469617042988	2.03619318743465	0.0350049324752776	0.146546263454441	-0.137179258819272	-0.0698194376889161	0.799126142770467	1.30738584043564	0.99561692420424
1.20592918288228	-1.3824305429687	0.618697573010078	0.198824101751886	0.459477632420126	0.363465705859835	-2.13516768038676	0.225491542635902	-0.859678807758794	-0.260683147950252
-1.39226881414528	-1.75938098772716	-1.7143431132646	-1.17488740170637	-0.0523683600039557	1.70990763296753	0.801019897309325	1.25052153222359	1.70283105417177	1.90863944071329
0.74526380627074	1.05646348289937	0.742965400690063	0.0564035692529982	0.802276703921613	-0.512836160429674	-0.447883964408345	-1.42558147585408	-0.585877301043811	-0.539959614423977
0.498095975380088	1.125767469723	0.842009549759463	0.991965600852498	0.674686023057461	-0.0738833609214935	0.977426625966816	0.416788756045129	1.41253949220534	2.43802528665584
0.752616211664139	1.29970109469228	1.00182018308642	1.15055537744777	-0.0347239884437907	0.79229409206217	0.382004452661801	0.0810576795481071	-0.143627714193619	-0.2446675082055
-1.90140081450403	-0.69673363366644	-0.323299356250766	-1.07385480503441	-1.98828393748817	0.394581950675561	1.43436449523705	0.540003200731476	1.60773490835046	1.4532570674656
-0.329574230405763	0.842805270546681	0.180121039350141	0.0988964002177456	-0.595112695954571	1.01483782932747	0.678829727741378	-0.367284083901306	1.58833266341328	1.19950474644294
3.07557940485563	1.26786750496586	1.90649664606011	2.03121980842346	1.90994233627429	2.0066871431247	0.824028166132766	1.75740823767041	0.677838310743115	1.22822035569932
0.147808701066718	-0.43632229691097	0.105915348762956	0.564785843281818	-0.209660345272976	0.481645266984945	-0.575204833109971	1.70876237333639	0.430471534147491	0.303941029791287
1.14336765326721	0.498227928870168	0.934989124274999	0.578227865936843	0.623015447697652	2.28192253999679	1.46102236590914	1.71271611913711	2.1764320162585	2.32490540096147
0.108748288692149	0.618772861146591	0.122760483126197	0.0747952880737321	-0.582883018149968	2.91869235071361	3.01252202647005	2.98490930013933	1.38969423666653	1.66032511196108
0.983442818505412	0.644203054106617	0.355870462912474	0.466703849928408	0.479452394047939	1.0506498200596	1.0413805453078	0.780823508597209	0.0131110646455428	0.145634001220805
0.243489576430208	0.961076010594945	0.489271454753941	-0.379176678811801	-0.483675648172095	-1.28942152008259	0.219442571067201	-0.336063544403712	-1.32745501970389	-0.672026355405696
-0.0264693136465185	0.464581856419689	1.28141245212361	0.92020458029074	0.810138874254382	-1.37947466345062	-0.415877034534918	-0.646258675782539	0.519497433290073	-0.136646707582189
0.151739954338673	0.668465081229587	0.351249336044779	-0.578942872049932	-0.262905364506739	2.44508890098514	1.77915050616352	1.44115388645901	1.43412809789758	1.48949201682533
1.42137092883489	0.713469741595634	0.992861328797997	0.193251152719793	0.610419610834972	-1.01116119271882	-1.86952802846211	-0.56402252981815	-1.84145426612677	-1.24073759345154
-1.09717351772911	-0.373064602535718	-0.243931244616052	-1.25490388345564	-0.422320995393389	2.54663705050039	2.45892231185637	2.92716348800868	1.7776765907441	2.19742535900422
-0.707957354880991	1.0801206057597	0.79106562357742	0.601490353269469	0.514106683121567	-1.19265757471862	0.639509916506874	-0.082119335938224	-0.0900904881921005	0.507160339648722
-1.11605109192886	-0.847841221171303	-1.86547452793527	-0.969910012457727	-0.874558366471992	-2.07725721895026	-1.2291849668305	-0.597067527041264	-1.1669131143181	-1.79867835946594
-0.786762704766504	-1.16544809075157	-0.671041125754696	-0.905660305193751	0.270242671217157	-0.22527081307587	-1.5241452192857	-0.0486419235940176	0.186414207791267	0.470522733762075
1.48620182614976	0.575646559205562	0.603731326537186	2.01330072231445	-0.151862537915295	3.09706260661978	1.2575643459256	1.68616430650398	2.33158160931331	2.39937884366912
0.32336708840946	0.403793150403566	1.2474048705329	-0.761833176762039	0.144789861219577	0.79682153130992	1.30074462774319	-0.239402982441693	0.108273673053859	-0.0471423540352094
2.06415315073802	2.83101503207325	1.71149249422222	1.77579070643867	2.55484761357166	-0.30791700053	0.24294822298533	0.33080249038785	0.521136477819914	0.627218197543761
1.71778195843001	2.59835605232688	2.17826975076886	1.72088613762874	2.38591104723555	2.42088873978034	2.69076746575045	2.116466943757	2.11389113764223	1.69004242005555
2.1478380377661	0.397997364500969	0.897372811319677	2.20805549005518	1.55588416577988	2.89261299499757	1.69639788782561	0.401132413183872	2.25036167546792	2.80088233421985
0.934462022041005	-0.157040209892725	0.553536775531797	0.560360802443879	0.875851249060842	1.59648791060182	0.611241025503743	0.674652439729642	1.68864512000746	1.54972032987878
1.35763478956403	0.991734461897041	0.50590609311541	2.87540810565655	-0.0946154037892055	0.139584589723419	-0.690566957956407	0.515804375267092	0.2929692544955	0.416088084570597
2.62391736912029	1.47227869679642	1.24541596755914	0.994130677581449	1.27029909351447	0.571562534063055	-0.390315704549134	-0.819739564464766	-2.25544450970451	-1.93852359683886
2.39923811761952	0.710244759286296	2.191070468126	1.29024715090811	2.04786818465244	1.95622668476691	1.04800991949929	0.38282409316156	1.29488007079746	1.33285550061967
2.19944639195854	2.2525968497495	2.16987889212275	1.50631279213658	1.59221576594911	0.480649183098181	0.517233539635146	1.13529805124535	0.0707391875307852	-0.0579055411722558
0.226423340282976	0.0999862801723641	-0.486493635171232	-1.55199521207516	-0.376577641422144	-0.574948252606748	-1.46638326076671	-0.602078546766701	-0.537299102390101	-0.615853354392499
1.06055739637232	1.2250532358648	1.70697032572717	0.850304053971389	-0.203125992174581	-0.318063906846469	0.248625955262539	-0.121261856451769	-0.79222720024439	-0.308901006547713
-1.04360589290734	-0.812228389299138	-0.731302511336669	-0.948853630896863	-1.4936591885803	-1.57650477272976	-0.314354014849718	-1.4429338529914	-1.08370218611523	-0.822591324209374
1.39501789995315	1.04455216306381	0.428880807449506	0.641114539501553	0.834773060575192	0.570515375505876	0.387384184594485	0.468235440530419	-0.541355869797692	-0.692318876306144
-1.93665879236648	-2.18697406057564	-1.89459280813808	-1.49930304282493	-0.873453992872175	-1.37991973566537	-1.73418156255452	-0.735794226534344	-1.17463871748287	-1.10785002977717
1.09982061475375	1.47557319634151	1.67534836486419	1.07667939583162	0.371869205458602	2.34637999203442	2.97778832386769	1.09260995401869	2.13440895569565	1.45607750673605
0.711468052913153	0.367825898501856	0.802495451147603	0.875894316161096	0.822755254964911	-0.265570796826652	0.320389876277801	-0.022000510591612	-0.240230667914068	-0.693467706998749
1.3759726464663	0.542548107069128	0.221398909266314	1.40403083159728	1.86025710311522	0.657669675660743	0.0657807611310537	-0.237380887652299	-0.186552404305252	-0.00355348364730997
0.803655302407338	0.415448849142379	1.70649744444156	0.195750083278624	0.337377114172808	1.29788957403504	0.74810023070836	1.44402227741584	0.691002334999734	0.28527915295004
-0.261669292331496	0.724519209193006	1.42465137496999	-0.0168424649152629	0.399416189345337	1.66807312166195	1.59453426638251	1.77587695725248	1.53848154695212	1.62541830005187
0.809072374316914	0.646191392987186	0.745109545450096	1.53007681229375	0.570550084983702	1.22077483484633	0.674424463254265	0.982892848689598	1.3676053941718	1.47964509127074
1.0574166683976	1.64053813095425	2.87828809937077	2.13766714671418	1.03240780679262	-1.65476860775378	-0.250872060368418	0.215075312113625	0.220058933218559	0.483650978928441
-0.633783216907131	-0.699897800293789	0.171734956263992	-0.384585609862344	-0.359665093834765	-0.334439617068765	-0.0967144561218687	-0.552498591378804	0.213541378019546	-0.221869047551841
-1.12630474540299	0.145652091819152	0.30840217518099	0.551944311568049	-0.183759975365922	-1.53941340847206	-0.224030474310444	-0.505235052158742	0.736707731089918	0.817843957730881
-1.28099775275994	-0.133329569748788	0.154595063577644	0.351554397167941	-0.730548296311625	0.884847505937573	1.25965690947021	1.04646680772406	0.97343758221526	1.15336328372619
1.51607011221039	0.433054922597495	1.11466475716258	-0.516090677279576	0.941743864894462	1.72914442860061	0.328648978119475	-0.153880814334596	1.09967245728144	0.194975860174386
1.07321738469086	0.484512010992485	0.633738560856764	-0.447625158386669	0.43996381449458	0.260485453982737	0.512405746805463	-0.273674839393212	0.571435542301926	0.0588537593057467
1.06373941616636	0.323516018011897	-0.785392094833069	1.64494035091672	1.82178686144598	0.0967437008051356	0.613251670922964	1.00590188487561	0.618478455488078	0.759304645527691
-0.154077120432828	0.722182808269554	-1.15810289006518	0.645490173949644	0.542540771993226	-0.681340467114537	-0.102343159350064	0.0640577228209264	0.11378851142839	-0.647801347413059
0.575862533117417	-0.259452166953222	1.82603878408798	-0.0601054504074285	0.43264519100444	1.34195347893519	0.58253666947164	0.592081536864911	1.39489920020991	1.82948098785003
-0.258426548741453	1.28932693736934	0.193842629684866	0.702835184561252	0.385040431047123	0.202710016222395	0.76732616316386	-0.879130916578537	0.561586065157351	0.936351837799903
-0.687683157034923	-0.173445464569719	-0.817546331531548	-0.915283787773599	-0.739214395688873	0.237637345427769	0.418719068883299	0.449182148620315	0.380682780785554	0.883509477828608
1.07084644525176	1.13371783934771	0.384194376830707	-0.415754827008356	0.648688376124226	1.96952114540282	1.04225780249575	0.238301424572919	-0.2772110709227	0.235109792612273
1.76625722793033	2.37751232598726	1.5354214337722	0.926822278433824	1.70853509069061	1.64553494262515	2.09431314465589	1.33935258093576	1.88296482298491	1.93298277400772
1.98915960461537	1.81055977725847	2.42361714644575	1.89004849143925	1.52878531176293	0.765043024296438	1.47361268323188	0.349602820025197	-0.301164277154105	0.130724518806276
0.543346479078251	1.59419705760337	1.82764828079372	1.2515638922623	0.35839010325092	1.85629056527546	2.43258845394995	1.69773303867132	2.23075345840927	1.53449335438686
0.0297170784008315	0.634898941600524	-0.93850205418708	0.61900392261672	-0.423355875680755	0.308718967590511	-0.0760876913142352	-0.185524223105641	-0.0504149470730295	-0.560670298212427
1.02598450088894	1.08961649832307	-0.406055575033192	0.430144968006128	-0.353224168820824	1.05707419781379	1.07786798907862	0.923624427087805	1.6434728303917	1.32806815416896
1.78046902148166	0.405301203143798	1.10853002623999	0.954463228126774	1.38866979805019	2.87648852469621	2.4028956353184	1.54059159074939	2.20335773148449	1.99875642000397
-0.0249347638844816	-0.49630459338156	-1.18504872833288	0.11652938018724	-0.217979975065214	2.04484950858732	1.3609816136446	1.43009902204888	0.365713044994609	1.06657735236847
-0.385711934226319	-0.110956774480386	-0.959829750742192	-0.0104613558117532	0.130446178813291	-0.975254930447156	-0.678397252231439	-1.93551739654218	-0.898852564596065	-1.6546961440762
0.135126830555432	0.934251553980605	0.282513266974991	0.334684833405598	0.673046982253292	2.28895206450708	1.67618101230569	1.30987125613573	1.4564982557784	1.72827509946272
-0.322452043503721	-0.301935772292427	-0.537569410121187	-1.08514963585868	-0.510411104876714	-1.4896159192046	-1.39040406537205	-1.34464857723849	-1.99469996934398	-2.32951416250962
0.765831040812356	-0.802606993400163	-0.356338597351848	-0.196043345460861	0.154828615517346	1.19327786390664	0.0821607224439479	-0.491666363801073	0.780231434655274	1.01533123256973
1.48882681808447	0.331328920450142	1.18968515014844	0.921642363778073	0.680412684136224	1.29423480468246	1.64466771028964	1.43693570787746	0.151355289612863	0.421724636858285
1.9335888143139	1.07552916185586	0.958990042436693	-0.157360843288148	1.79343711900825	1.08271586276395	0.0800760926975012	1.30812759726984	2.0814136452655	1.79987892775811
0.433753788153057	1.04613276419783	-0.401844662839009	1.42340407195323	-0.297866245806517	2.23728837624183	2.66919202745153	1.58696565421719	3.12482663251708	2.54636506215493
-0.0333320121985643	0.983698383293126	2.02977848521158	0.417554014886954	0.248593686673809	-0.75067897443117	0.154722329508264	-0.658494167939028	-0.648481936593018	-0.150633899089683
-0.283370172346205	-0.0968696960364979	0.328796879883104	-0.188864924227072	0.965133626282307	0.687721470495903	0.0996875133578354	0.680946633791389	1.15650844070514	1.14430345123568
-1.36021865752572	0.138224437647739	-0.894657453379513	-1.18157505090102	-0.117323937039679	-0.864273422330249	-0.0490864850727731	-0.663540435672014	-0.792822318599102	-1.08574588746706
2.05725735579557	2.34399740257024	1.79253201935655	1.66214802814532	0.931056457436912	1.25504622870887	1.63237609143573	0.894237166537132	0.929871161741435	0.997851928552123
-0.227525019629431	0.325414756035765	-0.807618843768636	0.219364333943383	0.147949287211038	1.22085863773388	2.05741317357167	0.482113347401915	1.59356041251603	1.75604815470834
1.49122932012417	1.9585958281403	1.09901993093851	1.2714796217968	0.948191024612614	-0.674751737130287	-0.542118080674788	-0.626706773318027	-1.53332380518995	-1.54896875935614
0.910729170907855	1.70647055632113	0.228487608204365	1.89551526670355	1.40460117504756	0.208433873112806	1.20680498798444	-0.0318716260666188	0.59516458452098	0.273487035298583
3.18088504482884	2.20109233889055	2.63038712956651	1.18441971587439	1.17987687549888	1.40826108648827	0.880942273945637	1.13406147291516	-0.514261573717899	-0.236433461387408
1.86320018202342	1.76091011015647	1.66359801799757	1.14533726561245	1.3699543505591	2.39206247753714	1.81113095174636	2.59411400870964	1.48922987467061	1.24646285105551
-0.438275694358906	0.801039411567543	0.270798168522575	-0.604274721044747	-0.880279533282264	-1.03169529561631	1.02322235390119	0.0868710762604225	0.703162104985147	0.148565822696435
0.912358515639167	0.478161298158489	0.554071122744728	1.30772767468604	0.17498229906043	-0.274186003417732	-1.2890500683999	-0.617922289001228	-1.10093544117181	-1.01098619923477
0.447724308519997	0.540057375871761	0.948146557393583	-0.591966239686453	-0.0955412214840986	1.49253710753579	0.819797722313193	-0.424915657048778	0.790581217240012	0.41204060317355
1.13052341653866	0.474754738937029	0.662301742811182	0.44814848616385	1.26040350118875	0.663478744272089	-0.842273250376794	-1.4526401429985	-0.323661284647051	-0.829186980548121
-0.108826491419889	0.303193488322221	-0.518360059601956	0.591371183534629	0.155212591794928	0.824993377084862	0.794136946011816	1.81195952513054	-0.692618637046911	-0.109438489502519
-0.235631103652128	1.35398817330432	0.997006512958785	-0.603533333764199	1.37568578202789	-0.318966217781146	1.38652429927305	0.585532900468494	0.755917947041848	0.77636332918723
0.232487438975744	1.44175515189241	1.1113214849602	0.526284760358255	1.65328148760542	1.52430258782531	1.85429088195455	1.15024287313043	2.03774460106339	1.46946967710852
1.03436587646752	-0.00973066738485256	0.884783768236038	0.629123829032921	0.738735240430276	-0.796900981050874	-0.369836043797294	-1.39947841339531	0.0633304069702723	0.0686574787395936
-0.750036299836863	0.799380596336873	-0.249415567912141	0.545365281420206	0.80625788998606	-0.360938512536753	1.22523081919348	0.115329071956706	0.855574122644617	0.710959475429002
0.915528464672232	0.884445792968977	1.06390749289681	0.967129714624026	1.30658766587881	0.573930851584611	0.552231673992335	1.11015047417838	0.36309656087655	0.0748347261906144
2.41783867819953	2.18904304960737	1.59430351453563	2.59643809537183	1.64217470040738	0.483354280012198	1.0019344406418	0.53606037240771	-0.286584178629024	-0.505502751407938
0.395488449524682	0.272707847403621	0.657693613290201	-1.22936680865111	0.178932398744167	0.446789937419959	1.18936635856309	-0.00291586094125611	0.499872887391765	-0.36372452893088
-1.41232718047354	0.253818754386901	-1.51984911381705	0.162911631425128	-0.473096028890804	1.24681267991037	0.79375057839582	0.852365013327331	1.61609000579782	0.962817612694731
1.47340033885813	1.52893794410776	0.177960476981564	1.12782211466468	1.43000560952731	1.03421983309889	1.30593073440057	0.647552193737903	-0.438500318847884	0.0231438610545289
0.497843051118986	0.629786643842698	0.838927150504818	0.79118644152996	1.16330725531799	0.361533120955688	0.696744350380228	1.61127181905589	1.18322328559419	1.16541598755818
-0.335475526464275	-0.260919218166386	1.38261928150326	-0.319414296368042	-0.119317916059672	0.332785770179742	0.66959876551825	1.12651865763999	0.479577720223175	1.07835733107885
-1.19069577460182	0.328592995767097	-0.759931628751807	-0.107873850940904	0.169909211635111	-0.491571007653869	0.887361848292761	-1.05066884733104	-1.13529159091907	-0.291966847001617
0.507154582452329	0.261557941670701	0.397379612464801	1.20748834730464	0.852129667208918	3.08089383817197	1.94279165521242	2.47010904163163	2.83888008223524	3.06435157406921
0.305308134020531	1.91056791147654	1.18218721062338	0.602090870488137	1.60111970073379	1.55747457031888	2.76201044454266	1.35432426931493	1.89935125300048	2.15613784050733
-1.4952817888832	-1.3424168356494	-0.194281416006417	-1.5685989300463	-1.19078903793891	1.552553040857	0.939123386392898	1.20970705332529	0.283785643268377	0.79167798169068
0.31766242005988	0.227842259397981	0.0694095604020667	0.901353754034444	-0.0533268128127413	1.06517525540568	-0.338905884124922	0.132547858831336	0.775273367258852	0.805996412426365
0.487898003789361	0.309858555695408	-0.0705590681911152	-0.614787349622013	-0.309282576472874	-0.668019892879213	-1.09309441736107	-1.56989218527249	-1.12846210651725	-0.827343040179534
0.566001668316176	1.9896100277762	-0.212088783550117	1.24357145091815	1.19578201230205	1.44969149716404	2.10193588390633	1.45786940889857	1.32387957867499	0.972079330328364
2.29439654867667	2.47386687442036	1.57277027787153	1.38126584623457	1.77987905749444	1.056640878755	1.07742331538783	1.8908873769425	0.62183655483572	0.0311265996606629
-0.290310694221984	0.780880076759851	0.531114981243461	-0.378045889658982	-0.78052392436223	-1.77763418424482	-0.288102300428998	-0.32230281172896	-1.60858111384696	-1.77944436880662
0.333510050896903	0.280827508263349	0.0613199165921178	1.63093841786824	0.0281223795728693	-0.732481190082863	0.328458775949051	-0.808817330015878	-0.103603889920205	1.02173849598053
-0.0244814479484575	0.171881717657445	-0.0411256491829223	-1.25430665663766	-0.213775665414673	1.32571518372342	0.530507412870496	0.752462310150001	0.688577835397124	0.84794084023323
-1.47338568014864	0.500908869339347	0.34682275122753	0.439499380516021	-0.24359880766413	-0.539944483141147	0.645123127841373	0.00208789802552553	-0.0125617265700198	-0.116451354397423
-1.80626301148274	-0.794660155808358	-1.14889445657066	-0.688693709069547	-0.756354613413818	-0.52678786327844	-0.0739631154207385	-0.497444004018731	-0.941979799407561	-1.50752046490241
-0.0241938503205142	1.20533202462851	-0.428556789175228	1.00272596349654	-0.275788284476311	0.413811844508774	1.8198383070243	1.23667008657508	1.43475363373215	1.62321066335766
-0.0326312505746893	0.0218759931698901	0.629176253142893	-0.413080365886965	-1.03892185340449	-0.669121998200204	0.0178477903251488	-0.0183687633562719	-1.43179187657783	-1.1114012586903
1.47965340382266	1.69809998408813	1.34585704884107	1.67437457715245	1.12467052676022	-0.537764872122249	-0.350357722619746	0.655441882456932	-1.07740403995069	-1.15080378570512
0.351599509224602	0.0762894891352597	1.0018772607499	1.26371295679659	0.0587402144361418	1.47861280293247	1.19773337812813	1.10243353512615	1.8723098625222	1.46646887036874
-1.16715192062849	-1.31459501875625	-1.14712785444359	-0.064408281306256	-0.138575271552698	1.64069010258138	1.48728170464188	0.502563535841283	1.97390875328327	2.20983159237312
1.59967683479455	-0.0267210591055003	-0.12718989810138	0.919389772263537	1.98470328480651	2.01085331596411	0.00704975365525318	1.11339452099535	1.17163341033528	1.1552563929377
1.11057245347134	1.70138159309818	2.04887591898108	1.16245503799694	1.24094090232501	-0.630381843018314	0.831717027178421	-1.18491042551957	-0.387465100423386	0.389753765333368
0.0815760723973457	0.903296305779878	-0.103028511857107	-0.0722077557362436	0.342844431097759	-0.371946281580413	0.418997734552647	-0.782672498331958	0.0799862392328066	-1.0830364061634
2.38901640799136	0.556339230316035	0.937830316471328	1.32482245274098	1.22361626767881	1.20687282684104	-0.295011116401206	0.760133848347498	0.569188391413785	0.528314491683039
1.59572722357327	0.758722816607255	-0.225865047524445	0.177462310811814	0.996307444867236	1.16958101988647	0.736156749753693	0.158280014406282	0.595446517204348	0.191934739802141
0.807377628339863	1.81074754208142	1.02096905127949	1.11386457238208	1.04550948916278	1.43169519488961	1.6402704391025	1.98001188561412	2.4601021621582	3.10479513267372
-0.134285553219632	-0.224265362558313	0.274201047799996	0.775920254683547	-0.435609355183617	1.26045761675855	0.38120686662479	0.418865515132435	1.44623584082433	1.12875410010388
1.4369840768577	1.02170061936535	1.63554175561435	0.206402043366225	-0.808951362375334	1.04077955365152	1.71187642033776	0.818406427915647	0.514019578475794	1.11718206856812
1.82412261211397	1.70856319044322	1.68128455844937	1.28664299410033	0.905993687272764	0.631317530970382	1.2015596357097	-0.18760486615323	0.353256463969185	-0.279396854180203
-2.34926913313706	-1.42405242067618	-0.668163251596175	-1.91110351491007	-3.31418575171528	-1.17297204884224	-0.536077134310463	-0.395271443116535	-0.87093923745726	-1.17459928551961
-2.14681317430806	-0.927667221165077	-0.892679134923065	-0.432957468899061	-0.8225675515957	-0.76851409893463	0.229946052185627	0.494796165898467	0.764324727063185	0.943148841069299
-0.738222652375579	0.420732454600887	-0.926501874695598	-0.731506183557334	-1.18518623140262	1.88380279030308	2.15590238404272	0.13368498678881	1.29996187004674	0.80797483649339
1.5060439722771	1.46267622913752	1.04187090024854	2.07025646481262	0.41505127713181	0.318354303229317	0.721851131848869	0.0724103361452953	0.668355917161231	0.370720538732981
-1.7183715607802	-1.05631739078742	-1.33104969289056	-2.14962289011572	-1.50145422878101	-0.359736685135646	-1.16392750980095	-0.88149738562058	-1.24623394982375	-0.708865662421218
-0.565445024442848	0.289010035722463	0.656005831625103	0.568543749788373	1.36039520622627	1.32467407311148	0.898510257237328	1.14032702007882	1.1038989234784	1.00769148194288
0.3300135720448	-0.0975578230122277	-0.00326780604311083	-0.759310494974763	0.908488844764897	0.010720337168632	-0.753295143285542	-0.0171116017928831	0.279348844894385	0.178219169329496
-0.930238499129878	-0.744172031241913	-0.765949937201483	0.819418306855939	0.861762859317804	0.138133084450023	-0.03057963201311	0.165354465066132	-0.280470612043923	0.774567570712009
0.603227942908801	-1.65349794611451	-0.26142758335882	-1.04178684558605	-1.22305197262112	-0.473012830508108	-0.718536815021837	-0.705664614278368	-0.38978894509785	-0.815358473510185
-0.366960008168449	0.0753817837318171	-0.514676563995819	-0.353395184686037	-1.01381049802893	-0.669934893545887	-0.195203698739458	-0.801463858981074	-1.01392624566094	-0.774527148119587
1.56213298010182	-0.154593927188574	0.830678050728147	0.662485719413817	1.4236042505166	0.781832758184139	-0.0394638655584972	0.243153031653084	0.490611267197829	-0.086212721871967
0.584760445161087	0.382039269196201	1.49236008560884	0.377038706446849	-0.291486401022039	2.84766493181337	1.47885843125056	1.04224416039628	0.308245747380741	0.170466110800861
-1.75258574606888	-2.24464728819607	-0.768866122527188	-2.35123129947773	-1.05056462331665	-1.07499607382825	-1.38153436923669	-1.51704403171468	-1.50877033408334	-1.28302168961827
-0.231546007572837	0.233285778044697	0.921373491703068	-0.694436784848926	1.40513637126064	-0.643130154920151	0.03620795585583	0.233191240919374	-0.724101836708257	-0.510763733925591
2.6351343866522	1.77585916921854	2.85647852057026	1.59722534000422	1.59680450798441	-0.280008461442073	-0.652557867020385	-0.229287055013945	-1.434017926111	-1.4981939118349
0.26343666300269	0.368998608040228	0.919144060680541	1.02786615191853	0.820018493211609	-0.467163656295514	-0.170757474980042	-0.677587176529561	0.113982357061146	0.315949052327546
2.55840061586165	1.98714784903844	1.67233891643702	2.00852257270711	2.36128344124836	1.90726244023282	1.36825378186586	2.17660226406809	1.27629759001306	2.09196453766172
3.85242062084772	1.91232943999345	1.43338322899684	1.50746779676495	2.59535926429528	0.890190901548473	-0.703357474342966	0.732268944820813	0.825156303033588	0.709400821683665
-1.03940210854821	-0.203921487375159	0.348940441500442	-1.67083998609648	-0.396843839758529	0.785610109794631	1.54398561902463	2.89258108364956	1.65563937257757	1.9307069218439
0.603678806123788	1.43195072378213	1.51961050472942	1.32563853804491	1.14408598344417	-1.08094111776374	0.0692968321502387	-1.00722577594104	-2.39011456518562	-1.46362757658204
1.31228907366756	1.58850923999189	2.14674147724305	0.88399893481735	0.878593849069829	0.0519947635537813	-0.108093047518749	0.399697502538947	-0.417097084294056	0.181806815491388
0.300619664543081	-0.356354634249599	-0.310419870783998	0.29685988051705	0.340401175530251	2.0795579325901	0.729482680938558	0.533620200625137	0.562151613687601	1.52976767081583
2.78407228297068	1.79065679102265	0.744914168579913	1.68639992393926	1.5649731462706	0.0711518401236332	-0.176406188724788	-0.514032897499557	-1.20934494979932	-0.853306133767035
0.638758776670168	1.26707650696969	2.30188247863807	1.06000042675598	1.25791997407147	1.96320785292726	2.074601638416	1.99389856000794	2.10959594217814	1.45657635716528
2.25425426701497	0.650931858091325	1.87844146150322	2.4342882002356	2.26458215392234	1.57249799639469	0.524887970296286	1.5775073359124	1.56301802846754	1.67560285903833
-0.585224956256118	-0.521554410083832	-0.367474259785164	-1.41599211408416	0.55596664067155	0.244023429523747	-0.364335330827313	-0.293222631695314	0.0390513109232623	-0.0242041271538641
-1.68261643096971	-1.74419051576909	-1.75241844733304	0.189185647185695	-0.499508560068874	-1.53344677360392	-0.360193301640777	0.632284042708364	-0.277241079945255	0.225297036159283
0.769801284799793	0.738481260782203	1.15171993636924	0.235636115065297	0.473977523729287	-0.574488214895609	-0.116818249381229	0.928048836388447	-0.65421387286367	0.00657020389458729
0.926882503596131	0.46878589283297	0.570150049144503	0.806062075477959	1.49684289519959	0.303046209825771	0.495370816374908	0.461850388435772	0.979757695374782	0.896928891337073
3.92856788961442	2.53470497576397	3.00953121191517	2.99044374158814	2.86085535155608	0.714440805689955	-0.15412495604582	-1.03421269428665	0.322143562115157	-0.202344058941107
-0.235977547958975	0.530841029091885	-0.152829057883563	1.43243836821835	0.0809127166872062	-2.03427887634223	-0.836338519228935	-0.273287797231015	-0.270737342696184	-0.378405881695837
0.42243761407132	0.370067789252983	0.539708480443992	0.914656959335128	0.870683242774978	0.883787616837548	1.58769641863849	0.65533682394508	0.794651900547196	0.749701760992659
0.930607817061107	0.539447218672969	0.522509432884529	1.52615175190284	1.29879370888593	1.06788846375256	0.491606601773474	0.631196442823711	1.6655895083784	0.798760335882732
-0.153486779799504	0.984770033192102	0.194758624105886	0.164864183031357	0.770393221228516	1.93069944887057	3.07355497229204	1.06199500719856	2.12507292685719	1.80780871121349
1.68403325481026	-0.363268320062864	0.0187251955317866	-0.335172727860715	0.434249974859083	1.14108340707296	0.215444856639259	0.160596846378741	0.0478119360704603	0.0506284496919936
-0.311880414695607	-0.0668579290111093	0.224083640553274	0.748222196534547	-0.386886030092084	0.207686671225179	0.267703308349239	0.225601655209975	0.320641964527466	0.51080152121124
0.523228735032033	-0.774424201825473	0.708589329621669	0.272819050169478	-0.594195672452501	-0.536464138533549	-0.685035400898183	-0.360707469262151	-1.96156464445058	-1.76693455834943
0.72842663482222	0.750408827365211	0.510229455696861	0.298170723251809	-0.874965066216215	-0.0877310163748668	0.401547355702636	-0.389292034813409	1.17027133803098	1.00797190748088
-0.393814253645944	-0.525012145487421	0.155271145561716	-0.378487795077616	-0.762412433287271	0.808639401668785	0.098351334328876	0.383635870618367	1.33632281451362	1.13094026625392
2.23236877062816	2.0158541951427	0.743075956726828	2.13447468396628	1.76045639639541	2.75255510696613	2.14677710627641	3.09230996547447	2.00030773306399	1.7358713802232
1.63509734149124	2.3756340868988	1.44086915264522	3.11373205329002	1.5863902201494	1.89061298935351	2.13933331951228	1.68315052503035	3.27373501969572	3.04242672854621
-0.0332329526196082	1.08553403582474	0.330167964750142	1.06233900052852	1.40057556161731	-0.654150594462595	0.386881330577643	-0.344724210692095	0.450449515839177	-0.456623720487252
-0.292567561945461	-0.230381304335542	-0.319188830934028	-0.180859464539467	0.557004453877115	-0.0431286401535504	-1.22331622600905	-0.0277052711787484	0.536530189919414	-0.0336262631353917
-1.35552233168486	-1.57872134416133	-1.36047214381907	-1.35845703838984	-1.93434717175943	0.274618769444533	-1.27178892141147	-0.679355517698622	0.817406957390737	0.442774848576744
0.0249758250978928	0.178300676622695	0.101990620001626	0.801010888195172	0.0858670574797997	2.0361673530112	0.803248344744357	2.29648058887939	0.801049786686367	0.61337878677697
-0.125631256853719	0.4744277917748	-1.91453221235046	0.109142584951272	-0.192030185094252	0.31543836788108	0.112246404969607	-0.52146378044126	-0.512576353930198	-0.365900961707238
1.90799219132699	1.94127369917808	2.74842147756212	2.45216314278818	3.04531459892842	0.845921955852512	1.22415780442489	1.65264103051226	0.558569314639693	1.23225021493193
-0.963391800213784	0.270584987184256	-0.509006954290995	-1.05599881291232	-0.673824328473137	0.355718112120189	0.660377123112666	0.0676120265152881	1.07874292782774	0.601026219311892
0.659580201624732	0.705318982238073	0.502120500351592	0.235012730965815	-0.13834580755054	1.633516410263	2.1380089008266	1.48107096692152	1.2122232246493	1.61357889282679
3.96060444168777	2.71749606420106	3.15865094765795	2.26988092050383	2.96012010573851	3.60625252395793	3.23168552706738	3.47522767597307	3.6164877824811	3.44260198084429
-0.260138527841914	-0.246821422941832	0.257049039490151	0.219904938620355	1.14326700116587	-0.480624637442663	-0.705705125236105	-1.06135594067004	-1.49998104446217	-0.928062973714566
0.782262436356958	1.5419115403178	0.826522044980454	1.04796375616616	1.43034579222189	-0.16021907629628	1.37162337643286	0.426311799140164	0.328577779028416	0.856167963145537
-0.319521803140742	-0.763136668777053	1.0009209620731	0.620872675810622	-0.358118431555008	0.306947502930404	-0.718298464876296	-0.687984562576122	-0.0596866098186944	0.738995820353632
1.31247599253329	2.09479427236009	1.75241127915305	1.96329199077106	1.40570035072907	-0.327921128237042	-0.101216238351997	-0.929136122012077	0.829162031995288	0.279573378963269
0.517274767907189	0.0346404106817415	0.128184558974052	0.0679855678094368	-0.448151179316133	-0.427357387406805	-0.706046654935082	-0.186077228874296	-0.562214759062943	-0.329490415226702
