0.451614238087592	-0.348363096474607	-0.044108932466958	-0.286280509251847	0.917009648656822	-1.01388565252098	-0.225566233755043	0.26014198903106	0.62881825380907	0.0900642648134821
1.33179367240209	1.62360418557929	0.282463584675344	2.63581545286896	0.69739058919346	1.71907894344961	0.838990273102219	0.510069910759375	0.316108483560223	1.67894341826736
1.23690568877597	2.51298489405359	1.0297639234577	0.758406095128879	2.28359700680969	-0.432253211121821	0.846258185227945	0.229277912483511	-0.474179054730681	0.152542060258103
0.000591918528640378	-0.456634001390855	0.320626523616977	0.460411814875474	0.0517351834734243	-0.198627265258246	0.276882617138627	0.841248883143376	-1.05941596444971	-0.462455592558658
1.99273174074306	1.7826920144468	1.56088185739197	0.882017378546472	1.08406969229018	1.61855132939479	0.930196206735846	0.447079214334903	0.732280448285296	0.927170858188286
1.2961655895461	0.643328385399528	-0.366443805709677	-0.55658504753764	0.301903830834731	-0.911927816639804	-1.25315684136399	0.0723977553972917	-1.74668122774469	-1.84855297525191
0.3199846930667	0.114324101635416	0.720061715885548	0.344984996610836	-0.165876716798912	0.412278154416072	-0.434785769921776	0.314064666939109	0.379639336263709	-0.852199800567004
-1.73898682167729	-1.51547997248536	-0.607328960387277	-1.5247221722748	-0.553135133970097	1.97277744652941	1.67730183886957	1.98080922270406	1.24162952940934	1.77083700512216
-1.6556058777805	-1.57019027681696	-1.49651220951678	-0.289237842083402	-0.855534874999027	0.991091532659411	0.137855085057308	0.288851890593642	0.812934355773622	1.20870996727243
-1.59816925060243	0.73398727054644	-0.746253900434644	-1.24128858948796	0.150653124661921	-0.372535983793734	1.18567658651869	1.31065392579494	0.802076198961491	1.83636713007501
-1.35534878824908	-0.509981890321268	-0.255301146205105	-0.181045802093589	-0.597934223523122	-0.462701508542764	-0.523362719313414	-0.469348348051571	0.217066441407925	1.71964518617575
-0.216727830542383	-0.931410736663764	-0.352015559871727	0.139461399891934	-1.65447254179671	1.35619374587794	0.213629918441638	1.59230255346962	1.61903415286328	-0.800357779040481
1.56640832263052	2.08389754837805	2.76793504269066	1.07714831174557	1.36151587317526	-0.250537041581079	0.936999407149431	-0.582959402657495	-1.25392034876921	0.270795904019019
2.09561123554428	0.758887206853815	1.61870563882929	0.624854264483286	1.09283093144905	-0.986770000697265	-0.795393606575682	-1.89524374954825	-1.43384730110843	-1.012625356102
1.48310462112263	0.357505869537228	0.948853646986963	0.603501176357108	0.89254634416484	1.68288606476688	0.669902115310321	1.32748852681661	0.19914611564234	1.72157552318514
0.861604847027176	-0.849089140115682	1.38185691191402	0.965765965672539	0.964279584297277	1.39330406685144	-0.138377720896207	1.72832719865419	1.53042979069697	1.7531724743598
0.81257520921943	0.795068321562487	0.261807126074603	1.42626243849459	1.71869314467351	0.456101988745571	0.550037148212521	0.507858298301735	0.772977570616701	1.05323753549916
0.424868147514554	0.323030799038552	1.05599991672815	1.55360865862054	2.17073845240763	-0.139572666170473	-0.345380332618607	0.912389946652449	0.275434452667985	-0.0980860866400242
-1.26434707211023	0.232220343361882	-0.291362366970136	-0.397973528621034	-0.0516590209190993	-0.366546853212846	1.39667369908325	0.652293165331365	1.18853962884708	0.765203256875718
0.0386289122887024	-0.104771382377892	0.573317286704849	-0.38634117826055	0.573071670310183	-0.514788233997007	-0.523838752782925	0.893872992731601	0.058883891740428	-0.465601028731702
0.882640289965359	1.85177274709792	0.949994074462649	1.3831564611468	-0.514675234412636	1.56447337796075	2.84950141852604	0.662618667659856	2.0600757476154	0.627873970952126
-1.40367374903885	-0.76733757228855	-1.13954865271203	-1.58409859658286	-1.01402466569724	-0.0961673601638938	0.541406162173562	-0.148522228245	0.27502594345868	0.579946954633417
1.45716606609899	0.477677194017159	0.362073554979612	0.13398955900858	0.656630340972685	1.33641779561578	0.381811384514813	-0.274130560047611	0.262728629178099	0.305551773858121
3.85220625178512	3.74776561440706	1.13839491179017	3.06202236678186	3.25263394840941	1.30124515389558	1.28796206965308	0.759882435692879	0.184319041197004	0.646938912802793
-0.867139038632073	0.713680892412644	-0.488823965489321	-0.614775619462156	-0.585966705358334	1.20495027240787	1.91861054385654	0.481641785679812	0.394192754063109	-0.194656268048988
0.276628593142389	0.702815981710554	0.508308770544689	0.70018174760571	0.812587562268516	-0.822421348531614	0.298976435608883	0.211493588176968	-0.588238243501335	-0.705147534107203
-0.236130396189882	0.415919805410081	-0.375131892156044	0.567462825330498	0.875859417886229	-0.99860917925154	0.37462089000189	-1.18511069961775	0.479096849505278	-1.06217276952626
1.34872189933238	0.863962649929318	0.812392638679856	-0.236128588006034	0.711323611717424	1.46819297607369	0.661309740123398	1.53489631561236	0.50016585847686	1.66329565024667
0.299563676003692	-0.235882743539231	0.22732575926726	0.781118459521304	-0.88133496406897	1.99198616320561	0.776278473358574	0.421418121517517	1.47496390791975	2.04713097997524
-0.298854569960798	-0.148654696835231	-0.168492693934156	-0.679591150887958	-0.551859064050671	-1.19039487008717	-0.646589015595906	-0.95145115446726	-0.783809333202545	-1.01635115887155
-0.35604081489934	-0.57511935256128	-1.73196946471336	1.26896474305407	-0.822088805792763	1.22717638814398	0.375367073878228	0.87750820948317	1.04909723984816	0.137318669337434
-0.915560655757232	-0.690769605730433	-0.0981426113986037	-0.243387091178884	-1.63680110690928	0.0412119562993956	0.0546941061425925	1.17595764199561	-1.28210933085216	0.511544974383548
-0.374635953504232	0.102252310511181	-0.258205515705474	0.400828052601046	-0.452809223160189	0.501025488288236	1.1444610709582	1.14582305489532	-0.232124092522907	0.319130706172461
1.72692765743059	1.01646781167351	1.78052913638885	1.96353833935	1.55185875999203	2.06263486479707	1.96788985976968	1.40386211886419	1.32806065307759	2.60411518599323
-0.609181798670139	0.278554280932634	0.737694905527634	-0.415638559780724	0.0894691204730877	1.05556641552247	1.05031035955121	0.14803757740253	0.398782426330149	1.24824396687043
0.151065536232224	2.45093097130864	1.38706756857862	1.82029294816996	0.651540976032747	-1.51746848092574	0.488988762982044	1.23724599082221	0.708878022775022	1.45615021818611
0.60869724203003	0.359973376627796	1.57359967326112	0.0540593570018651	1.37044086685114	-0.136636947060723	-0.225672578703027	0.0447818692665776	-0.00268806083581877	-0.453104808266514
0.398442553514798	-0.346941551257581	-0.602533467321192	-0.119199675518707	-1.13542053832739	1.92951957492941	1.81047531918987	1.87319327570537	1.98796416115411	0.833286557716415
1.6889109254548	1.17957875830692	0.749040840839204	0.791167073170463	0.701123176741337	1.27062574501824	1.32807501152502	1.53194108506669	0.960465712216977	0.390185064321948
0.00982057747550397	0.253784819722052	-0.0164554014838217	0.520125514743074	0.32780208428214	-0.975545763771035	-1.92908284735812	-0.458563147756004	0.00553829355828195	-0.799579527520113
-2.07167959040052	-0.111058125136685	-0.7991859633427	-0.564310080793766	-1.98250780745525	-1.28855998751931	1.33517270086511	-1.24145542357353	-0.86335870207603	-0.604914038287961
-0.307238164118731	-0.052030442665324	0.364795982629457	0.102998821505913	0.696378064748108	-1.15147686248356	-0.891482353896089	0.182316849225345	-0.32238977157173	-0.179293873013413
-0.0641338707812229	-1.06316129493337	-0.866939158339602	-0.573626102107465	1.24312867470313	-0.693398218807994	-1.3600301822006	-1.4582695922309	-0.542317187616814	-0.997688309798687
1.12217427494474	1.83230451269719	1.76390742646603	1.68957414968954	1.34521330462634	-0.00881411706442714	0.176159288186705	-1.29219052519753	-0.0218188375385066	0.100068971092126
0.915723665661824	1.98239150509427	0.708141899141585	0.616928947990621	1.87107819414291	0.479199859832836	1.26978613489432	0.106029472850205	1.48530898052641	0.201175544917548
0.104836558336235	0.313842418972701	-0.0762555258879262	-0.732823198102675	-0.143800367010575	1.59497710440523	0.990959647938329	1.23561515909958	1.51085749833707	0.762222420163371
0.659017509554949	-0.843959186501447	-0.036603574800162	0.772272186070753	0.354840019494243	2.29258602619759	1.75961525712002	2.29683009057646	2.45202774298211	1.67138346398723
0.0694833132890296	0.465682361075212	0.269311275918721	0.424750576119489	0.419481305443851	1.47599856947696	0.742580484791326	1.14039798252397	-0.440326506917068	1.22992804305
1.56695874034528	1.50268536031874	1.09447366747264	1.11146361390835	0.272165790220999	1.24864604189853	1.56728580306156	0.206123256747101	-0.164056168993959	1.37114607821615
0.333237999895082	0.469850081667278	0.163149082570805	0.454275709502144	0.284593805003813	1.60200296530377	1.60755572097831	1.19303656039042	1.53141791587749	1.26490471678522
-0.536893584339241	-0.735507396621447	-0.544342809892202	-0.256863567497303	0.00173163481463112	1.84123121894793	0.543606789350227	1.90541969717435	0.88634101492567	1.914435833743
-2.86847604815125	-0.612381371301898	-1.82825352591092	-0.846047841455639	-1.60459921785381	-2.08966865378999	-0.193776443268397	-0.697065386843948	-0.831034954761552	-0.312977463438918
-1.11110566398775	-0.806495398292652	-0.146295992144788	-0.910175923117786	-0.592840556306063	-1.39055752271279	-0.664374483885082	-1.52508148180312	-1.12884152615215	-1.07139798828564
0.174093134984771	0.0961868245069707	0.218851782513297	-0.819595042270587	-0.264251232309118	1.60366992656791	0.210570598293824	0.44020047099546	-0.160540989354288	0.517196566656341
1.81588439772579	0.741726111215421	1.39838695676429	1.86774197576016	0.270850623160125	0.96646861491815	-0.209254309214955	0.128203767256129	0.994936431370176	0.971707621911831
2.09587785445903	0.769178851746183	0.191941341140322	-0.0858793331298029	0.390764136665841	2.35939769311856	2.56046241228278	1.21319758736421	1.62812028459799	1.6862938398301
-2.95921253466474	-1.16224817164628	-0.968482210700588	-0.192982585783008	-1.43182307139766	-1.19763224571308	-0.157692179533219	0.367707025207543	0.510249505722314	1.28999049094397
-0.353859690447017	-0.621589946984718	1.01917448137043	0.279496947309379	0.225540672943964	-1.722404991303	-1.4670937233417	-1.1936797970036	-1.02964289039126	-2.22112428563055
0.789227011871961	0.789545833598209	0.694360002098796	0.249904286579463	-0.830219374529523	1.26613421400787	1.16846192011568	-0.22602695677248	-1.13323680356389	0.14752426104635
-0.755324414187113	-0.983240901491301	-0.429546933465519	-0.670447510481732	-1.5290055842994	3.32180734527036	1.75802422628958	1.82606712595792	2.01154537771222	1.42287517559184
-1.41932358328382	-1.32849110073753	-1.44901724530217	-0.582243189639669	-1.10183659325531	1.02894607886183	0.266147142187881	0.710497816819879	1.24453996585117	0.80302050559139
2.04213446085586	2.08732164281891	0.724799407208639	1.3909171605224	1.55338892041833	3.13945830620424	3.05180039071187	3.34140074232936	1.34271008826301	2.9142599559021
-0.0614569589601663	-0.821614967016676	0.19593957728224	-0.253536209064057	-0.622832470538008	-1.31394556831398	-2.31668032327455	-0.324537223404766	-0.0778753605698154	-0.693302805578618
1.97055699211095	0.587642973916778	0.345970425562076	0.466910480534202	0.856501763380735	2.54463758658338	1.59954512551313	1.46937853291523	1.13455207284462	2.36990957822799
1.38881821327515	2.02020232155272	1.90451163992384	1.15858063046879	1.90153748445297	0.848571553638002	1.09802113509875	0.559241395195312	0.378413161745791	1.72318773620791
1.30337641191238	1.00065261852944	0.33617895019611	1.25862218429455	1.76423960199034	-0.650956825094122	-0.0323791395487339	-1.35609965756148	-0.12266610352169	-0.544065634137815
0.832225889464505	-0.200198382617611	-0.0135312806631588	0.251744402403571	-0.395600406998935	-0.719568667958222	-0.571995673601059	-0.162475505670472	0.983438365025741	-0.347836015661446
-0.194250880878053	1.1364162714003	-0.352878608213943	0.745607443613722	-1.210751131398	0.707320292028862	0.815593966776645	0.243302479906867	0.0858772116984396	0.0345056666256079
-0.0149025387199784	0.794826510056197	1.77185201887528	-0.893385982376227	1.51307306419635	-1.29916303793792	-0.0355717502211009	0.191679753428925	-0.111654173723614	-0.591955496229482
0.0779375592744955	0.724944839569607	0.555071197525855	1.13440157343371	0.690313256387587	0.252853242950063	-0.0835069494138221	-0.098659106591282	-0.0810548509624621	0.551967107546842
0.185200735147752	-0.66231924479509	-0.640622891641161	-0.130088497745511	-1.40401835638462	1.11299379431023	-0.0282654559790239	0.546800926784686	-0.3634237859593	0.470819219824096
2.03064310695185	1.16490704473078	1.42456407138288	2.16458107383145	1.61611090813332	0.406099282106629	1.22974664758538	0.68383169294965	0.955617418492324	1.03301056890477
0.665526869772957	1.34061086099129	1.40347370902551	-0.455480327438964	0.583908434004191	-0.382351303872028	0.893718618929956	-0.0645559993793465	0.116715236331167	-0.244529861642944
1.30731505384065	1.24909485714386	0.768062614314411	0.558160906889693	1.43992957575922	3.19347567275751	2.09531385288452	3.0512787051827	2.00591063656494	2.33142780808295
1.3578415256322	-0.277601913808908	0.633531410283487	0.742493989464202	1.24891634943854	1.11359554322267	-0.100743130745642	0.530275529966082	0.869517732042119	-0.67949365294018
-0.0379935646562213	-0.0129397351185029	0.182211605876027	0.257546792329582	-0.194654195687541	0.261692541087825	-0.29417209435039	1.293449475298	-0.112300634877793	0.484830449528954
0.621336504019721	1.35408741305034	-0.491978551858416	0.932710086328909	1.06059519540331	1.65268012911637	1.80063379813172	3.01909379057492	1.6660438502013	1.4431721785924
0.761457416155434	0.393381480611595	0.547296378485545	0.731176562774916	0.814860787990917	1.6637142826791	1.30569690720939	1.44709066327987	2.10972287170481	1.40025192975651
0.454238245780591	2.2064970780479	0.898475815038855	1.12172319139641	1.22481680168308	-1.16258379309352	0.982055130937543	0.195556630548514	-0.0509795816483738	0.0470875415201191
-0.586503860264216	0.182611860020086	-0.620417873872354	-1.07345032894193	-0.351542724181681	0.37160668356837	1.2442854932397	-0.0884068642228878	1.07455508044641	1.11045440622999
1.11020606006066	1.13066043939004	1.47878445106009	1.81395820546949	1.04272269241074	-0.893701174872363	-0.0287914042208764	-0.174543564172499	-0.848890555023477	0.0536832675910572
-0.198937478282633	0.476295905826892	0.829579909317688	0.335676594587351	-0.623423907672258	0.988778305238006	0.973242520868717	1.52363144358991	1.16550471748158	1.68153392753654
1.41206138099224	0.872957644905012	0.660125891239706	1.09111591805529	1.36799720406748	-1.56556323001318	-1.09107086228986	-1.00991188006947	-0.71607538698181	0.201916628777456
-1.99309228767613	-1.49634072327542	-1.36502252830957	-1.05129481867663	-1.45325860893413	0.226450508912863	0.793434758341323	0.473839622399749	-0.725372613133083	-0.299419488291822
1.34060011919892	2.58963148154533	0.77751552378124	0.714983208635655	1.02671075558859	0.752380880846379	1.32628845894271	0.797298542157501	0.499400627484981	0.948698984620472
1.91305561157809	1.09660682283101	0.397048779360184	1.09736060886304	1.34722321566069	-0.652730878654601	-0.668003712930481	-0.361369731794372	-0.954938458641757	-1.18319002493807
2.19059074310064	0.043544665444309	0.449346926317912	1.74094344093857	1.98306481344035	1.25249884334261	-0.0766285865961014	0.917857383387585	2.41578116193991	1.1032957997258
-0.49594552597766	-0.312651010343322	-0.927050158289576	-0.338368009054577	0.467436474383863	0.923740039791912	0.791726279024734	0.280352700812469	1.34522701922922	0.356045484831306
0.563080427249256	1.28307926336979	0.819550999944718	1.17640513643551	1.79809261279721	-1.01638007391149	0.127352832691137	-1.14450797090771	0.547834374883752	-0.159064202314728
1.85833409342171	0.34581198353076	0.44623581366216	1.33228540800277	1.04635007079914	0.672745003867711	-0.328973397858072	0.755951102983708	0.0858893956761458	0.565433841565025
-1.38272468557096	-1.31877968753682	-1.18829058672174	0.0787609732968796	-1.34558545274015	0.64452888073136	-0.546615218137643	1.0314210809915	0.890978632768307	0.276931288078283
-0.425588606847836	-0.246239684079439	-0.360585230329241	0.165295257868055	0.368348206136512	1.18692693944982	0.616659074402308	0.87793122016278	0.614346876997618	1.46992521017414
1.10954422085725	0.736131672006151	0.0655200680769913	1.17491929192195	1.12796319788401	0.559353026047387	0.391725189211347	-0.806176194518166	-0.63194897860085	-0.0584560577437983
0.485591672196106	-0.0754808390039584	0.982466459171918	0.731178597762055	0.0237431142767061	0.33134785246832	-0.0223209907471819	0.989928587666206	-0.0910841876429488	0.827175407114108
1.68148340637612	1.55019064877044	1.68696663995456	1.47391779337259	1.55966010675403	1.13583945393703	0.580256410527932	1.26509622000472	0.231248012063181	0.401429331532241
0.298631093443532	0.740458100246729	0.325635263924979	0.362560375092849	0.0644594175646727	1.47475895913502	1.31428824427579	1.78090500903125	2.58741762012445	1.53619969431585
-0.252366977488984	-0.178182645874103	-0.240747148140655	0.643932234118132	0.264147060273018	-0.785321199575491	-0.679550123596352	-0.323612659019633	-0.0159063701111923	0.367832562501628
0.212594183970385	-0.535382929881774	0.354825865265752	-0.960439149466408	0.874020878119341	0.781943531730187	0.197292152361293	0.226712075320365	0.248951232949296	-0.375281815758414
0.157891223380669	0.253691701616561	1.23761161802778	0.49531092476144	-0.146822905446805	0.282023188413433	0.572167201295533	0.498410172263252	1.62960746503253	0.094867450864457
-0.850492511241363	0.0969158961881724	-0.895690150725695	-1.23499574900407	0.307807841228524	-0.25685984042907	-0.475973168128281	-0.581498855582336	0.487876661003085	-0.582546175083761
2.60406081708063	1.69567765727872	1.82381763464243	0.998072559860292	1.57719417402212	2.88388290760433	2.42880035510674	2.21397235771446	2.17254843052591	1.63528596861402
1.16783731031565	0.53347501029196	0.254250607563927	0.856377889973957	0.523741975906603	1.12120925507704	1.39720863778666	0.546679716674219	1.79570550278634	0.553498225107165
-0.0995244153571835	1.06718233015938	0.793261610897399	1.56266600978196	1.64768938634844	-0.223330548569727	0.360848095305933	-0.127375372000183	0.756467461835936	-0.988320414012165
1.79781792078611	1.65496293220949	1.36797858110925	0.54097458960143	1.82740357208133	3.39348113745812	2.10124808394957	1.78599463753287	2.13204111252123	1.88295370116469
-0.951176531858564	-1.64720221464177	-0.491624493656486	-0.385708547900216	-0.213218528734928	0.250107535309328	-0.547171293494926	1.29885129956756	-0.356750607150056	-0.0986699118899509
1.82522975847585	1.72805268915292	0.318884809974395	1.27433887440859	0.889216621258634	3.89269974455407	4.24473508783461	2.93352170689659	3.0307137498583	2.59126954729486
-1.92610277324482	-0.219847895957759	-0.43841704944063	0.132727828958821	-1.12195853777447	-0.676712884393311	-0.444173324322704	-0.940464530670675	-0.900215568870788	-0.136248144016502
-1.30524926357355	-1.84757105101689	-0.679795803149607	-0.327922165597822	-0.517548072907369	-1.69493360117106	-0.931256518215472	1.12570531079893	-0.691951851190612	-0.562413638916661
0.520972055461085	0.407261655919109	1.20522853227653	0.33430856678448	1.35699784108634	0.334368572990624	0.592201344278112	1.41444316298743	2.11893048893999	0.630485647241456
-2.17911354023184	-0.727144029244403	0.13401735733592	-0.723684319246347	-0.376658074990717	-0.650456751647353	-0.0446694871288666	-0.136721984415221	-0.971353673510378	0.857685575834607
-1.35969004129055	-0.593836447866663	-0.130375076888081	-0.915866511653526	-1.19841332914008	1.30307310762773	0.577321993104525	1.16519198259093	1.93130000293505	1.76026435113359
0.249918972262059	1.60356828004613	1.37776262996237	1.50042612685753	3.59111708622414	-0.526858823651746	0.632798005223725	0.719124386085362	1.5651350672905	0.953442253947384
2.40123964295004	1.51413476629513	0.3680390132034	-0.246940950436214	0.741308649331365	-0.0599276594063838	-0.0310960958771197	-0.997157474258602	-1.31914272001236	-0.631704285023087
0.213798541420208	0.891097288965336	-0.414938553182112	1.25503982236301	1.39633147031598	-0.4884844480789	-0.0344538210138801	-0.185192652500341	-1.23450658518412	0.415761667603929
-1.30752066802758	-0.025598087730896	-0.306532614860614	-0.0390470623400109	1.08493135182798	-0.568120630400915	1.25668785735605	-0.533042048467481	1.11920897748056	0.737237156400091
0.531393669585185	-0.210088303701919	0.00872762718001602	-1.08949638768112	-0.145905182664572	2.33097054420793	0.850081373190799	2.0924836551162	2.52240585993531	1.11905951397597
-1.54860575073185	-1.46780478951778	-0.777702644000017	-1.62390666693458	-1.045106209997	1.41989173787041	0.0269388929554867	0.257048302747683	0.955294293759133	0.662617146392328
0.43482357515626	0.559318442492053	-0.185954975609039	1.4354867135835	-0.26669996554248	0.142697992415004	0.420941155402796	0.425735867272716	-0.0726222153708886	-0.277208022865799
1.11833863217713	1.62818627214779	0.300759843677601	1.22225036313132	1.26030357608641	0.0573281865385786	1.02859168178052	0.829666102872365	-0.131187404786508	0.260518616509613
0.541957737904043	-0.363896827751018	-0.289664807797269	1.05112553584269	-0.605745155154491	0.40997215931779	0.364574294450996	0.854328690937455	-0.566007807651089	0.405595227533846
-0.573823638462321	-0.634540442485661	-0.264559413414994	-1.59680196647837	-1.08534213896893	0.115902103861779	1.3357609013098	0.423505602869334	0.578492457157541	2.21971792343234
-0.073240030567966	0.535233231499123	-0.145451727334027	-0.190323391450263	0.585793105846463	0.00793498035714846	1.76268152919506	0.551066619148125	1.05617731838551	0.600003354329115
0.809739136907919	0.933310489074721	1.21248006580769	0.535314506692654	0.594952410371605	-0.126523016629019	0.362804836134132	-0.664524835222766	-0.598820972124187	-0.7721547717619
2.15728982107949	2.01147969668278	2.3659755135854	2.16980271735959	1.16686706284042	2.20800505378912	2.58908989898591	1.0606777629819	1.95790860743747	2.57791484863984
0.618771313220373	0.972468408534855	1.98295389297517	0.437027436786406	1.03454508649063	-0.569283434124492	0.540418848917978	0.251853784218942	0.0666813105595321	0.281602394531841
-0.0703934443873791	-0.758857555146604	-0.13671573313644	-0.312096174899112	-0.170047172168294	-1.7958191314872	-1.06032101170027	-0.453961921910875	-0.96141032853725	0.185607018558806
-0.177479734865675	-0.160735878526385	0.0374608063384976	-0.551692253878209	0.684956142160271	0.0254028231447381	-0.795468790046779	0.270892383454439	-1.3004717238701	-1.4176721263022
1.35615468944895	0.995085115191793	1.49885706871662	0.9825003948347	1.0363719943061	0.990455679152204	1.21482321693194	1.29064687068922	1.56469375214138	1.05882726643057
1.82106183662892	1.02297371582441	1.11087614380697	0.635565130657649	0.802733655122842	1.14459052202555	0.456274728122052	0.384936777366264	1.13426431054079	0.697838393173074
0.0303631018456103	-1.22551451400287	-0.0545595459114985	0.2521603737559	0.801709190946621	-0.611919478745401	-0.871114522753432	0.0758089144802103	-0.192990088156504	-0.634425505406327
-0.223234518156591	1.04512634716628	0.299507909450875	-0.32364748035564	-0.551343152759137	-0.66477786846862	-0.123162729391089	-0.0155434975370882	0.00696934185256282	0.198359575656355
-0.156354415043174	-0.605327694329798	1.11676357128083	-0.259477550963561	0.910294851118532	-0.331383179466026	-0.997817953804401	-1.10177273891045	-0.411907666501868	-0.953154783678002
-0.518850428867614	-1.10370619931573	-0.249672594816141	-0.362989404868283	0.0818586033848124	-1.26876704191063	-1.74078111565679	-1.79483234858477	-0.612639664577069	-1.71096988028555
1.41564282162805	1.37536243963736	1.98048110164358	0.677287380838633	1.57486325577855	-0.143521850796706	-0.0173621392990026	-0.351332891282441	0.244496908511833	-0.062434633637263
-0.838796413426032	-0.958295559630819	0.0630829919229517	-0.318862854365781	-0.149018698862498	-0.329145181400168	-0.667465919739011	0.910799214525881	0.471225225513797	-0.186091116422573
0.0597838385324219	0.210197290523286	-0.261465476524853	0.255427661165912	-0.839202909027282	0.459892698262561	0.110966466585357	1.20387791754887	-0.142636594745025	-0.576472987938453
-0.153239859732465	0.716348489600196	-0.397117302670833	-0.151796416720247	-1.41912578303626	0.375548938444747	0.641053296699417	0.113590533959779	1.21655359713451	0.66401320777614
2.2298101264033	2.80562559378016	1.44654491496748	2.50721583500069	1.59178100462181	1.54228606876792	1.49109397849114	-0.0165698130070497	2.05144758423464	0.259480393144714
2.23814580229512	0.652328580568011	1.37012623544203	1.26015432235941	0.597155834528956	2.01858668529633	0.20014846361821	2.07961813928041	1.90963675100847	0.942849752876219
-0.590165426907071	-0.521123677139999	-0.633741248349281	0.0559387957154871	-0.495262627565905	-2.64075902119889	-2.45655720315191	-1.24162772418252	-1.95468704780713	-1.78523224143846
1.65742640512123	0.135371328411655	1.19849740263962	1.89575543047267	2.11953574630596	0.912862576057045	-0.500841644691281	0.426563246918119	0.932692368706935	0.224932932240808
-1.11972395297807	-1.08128224774747	-0.624879767389564	-0.843273710763774	0.0633139560626725	1.9249684917001	1.13588419565955	1.45229251797871	1.2851646141536	0.880653497515345
-1.42791541833735	-0.284633344098105	-1.68533277017379	-0.221141433197325	0.473011783833498	-0.499718203808375	-0.044387621897855	-0.127420552502853	-0.300851504655652	0.497826090668915
-1.70569599361196	-0.938644917617646	-1.14299755711246	-0.740515735009776	-2.05739430926856	0.625123857894333	0.485420845305894	0.632599785108164	-0.0970376500799791	1.42202062864754
2.22963027854026	2.83912178745987	1.31429144987869	1.77679247770521	1.50301244491316	0.424050204485816	1.79884247358309	0.465814767972767	1.02125050846403	-0.144906209767965
1.61819155509939	0.578572639930114	0.506937413250359	-0.277917194436046	0.812232635392098	1.8336777759891	0.922994866469434	0.416448922020048	0.836386394346368	0.770669943267848
1.20371908847186	0.328410686965953	0.0745030934618277	0.790840422405124	0.798481962391616	1.40393268795096	1.06793698940637	1.75589471568251	-0.0572358910367223	0.782868260016322
-0.61269134928751	-0.773573468876586	-0.34853836823106	-0.291926469043674	0.50602970333052	-0.459396351765481	-0.342709927008583	-0.152861635555802	-0.691073143561081	0.282848728939064
2.26416370365899	2.24668174945381	1.77679563368831	2.22834117288498	1.97954648891518	1.3191114135598	1.9891686234826	2.13073889333163	1.04800543144523	1.53450704414196
0.151323825888767	0.0360431365662292	0.551805601777683	-0.350531690987187	-0.210136877822136	1.76229471333566	2.14930762892235	1.14103383620297	1.01688171406408	2.58050410457146
0.271885931312403	0.523237769151344	0.0800173638505539	1.20860900803375	1.39368763713903	-0.585054621151753	0.116053735778834	-0.74250059214863	1.07187377238528	0.914927844002706
1.11380288979738	1.12320526336828	0.975461237782189	1.70367680965935	1.26770905109394	0.649142046153893	0.377031509477938	0.472321720140046	-0.398928721571758	1.05153684572015
1.03129726569536	0.522760256206173	1.17121888508573	1.11753393136948	0.956055508603791	0.724773710327655	0.764036429158087	1.88767395173885	1.4653407173124	1.36169068321414
2.22681480917254	2.39866020117887	2.22616303963828	1.62870868883336	2.4356961083656	0.859969682924504	2.19735274734352	1.48586939524717	0.740309002613995	0.56665165248565
-0.189540299217534	-0.730481940189742	0.374278654316194	-0.260924276040356	-1.21117789169098	0.392650619556117	-0.612946859965379	-0.394674701170596	-0.294657876959245	-0.987988587865956
0.617734585948463	0.588003719134066	0.659437039397342	0.271573657107572	-0.0604425033394245	-0.246613917667277	-1.24409455238669	-0.344821102731871	-0.651985908471939	-0.537124986294784
0.498678608433338	0.367053792236194	0.329814080766603	1.65305243742816	-0.435253418069729	-0.405064318201474	-0.649528113876875	-0.711198638192262	-0.560080713584463	-0.525221684356076
0.624023129678168	1.12011307955049	1.36021278948917	0.890859806479359	1.45991790704822	0.854498304492875	0.513746610808234	-0.817380840858405	0.255690772911176	0.713345212295845
1.65899782563516	2.27021782123778	0.816508093238994	2.08436098861045	1.82405023206198	0.998960873242293	1.7161127094732	0.452446814380405	0.493398554126513	1.10453051544888
0.320755786518526	1.03285478458676	0.0618955424742424	1.86724443397639	0.733391684604645	0.0342164858375958	1.25162682107487	-0.72145723075124	0.5363442149503	0.0998783298046454
-1.12378741652862	1.72890388586245	-0.722786321478106	-1.12899129934631	0.00177285137802946	-0.226360905923794	2.23804404759805	2.83219497499427	0.507244364981	0.663932129061015
1.81265210886359	1.31463366844939	2.74625967669754	1.34185375019612	1.71381519752836	0.513710528766988	0.170917890041448	0.472971714250918	0.945701786658379	-0.0689521385850014
3.08949054591405	0.738834436815599	2.43811918912232	0.834711476079764	0.307156563749772	1.91021927590814	-0.0757278419489273	1.99615122605955	1.63715667955493	-0.500679845618206
1.54074487311679	1.41204367022264	0.574071889509583	1.3102752229166	1.00280848715867	2.15279398894434	1.29731951848742	1.47865888824061	0.749848799014643	2.08253248826772
-0.236721490106446	-0.47984505508595	-0.153521016142305	0.410809848986348	0.43537043769137	0.657276043012341	-0.645234505270134	-0.618079272889928	-0.222604893167203	-0.140907149576228
-2.28103005033409	-2.17014076911647	-1.67466603976401	-1.26894274808135	-1.29796952030589	-2.63038303575462	-2.97466263193243	-1.39425689189733	-1.04763584538883	-2.58728022641654
-0.437192356570088	-0.00912200582273581	-0.46886781029716	-0.5954909358454	-0.303321293188871	-0.336933157933767	0.952541818259729	-0.011114512415862	-0.120198258992446	0.627532463504399
1.77602874787651	1.80264846234902	0.941801970728549	2.15560654994658	1.99309048353612	0.770187688511535	0.785894460992157	1.043898500219	0.683533645664906	1.02232597859828
-0.476487622791721	0.226019741443164	-0.577023098395024	0.0292957154400607	0.278708435630588	-1.75531473553911	-0.457719378784735	-0.442369558219792	-0.570994736301873	-0.353164386594861
1.4532913901374	0.883487578419916	0.711951205815949	0.954220621383464	-0.0952756580021842	2.64649932273817	2.59418436533968	1.78834299934183	0.824165430821729	1.88744186875449
1.14743619767056	-0.370470702220007	0.823376689534231	0.270474079932976	2.43960250941646	0.196044604518398	-0.265233824781854	0.66664341704278	0.715090987481856	0.813138052745552
-0.18912638500746	0.546973545641784	0.285485226173105	-0.886291482256008	-0.336825519262623	-0.157716958533167	0.193952300674796	-0.51091775371789	0.645959894595926	-0.872608091424064
-0.163455906013139	0.491646090429304	0.973727079720375	0.569143507777007	1.16058089036712	1.15197319765842	0.77260445410963	0.661402765715813	0.466972523507409	0.124616263123575
1.69151013605438	0.308960849580071	0.662772236421626	0.585359767061349	0.130996542703581	2.09967168554087	-0.189106640495544	0.701078944306292	-0.535026158199111	1.01643304707449
0.73079457284324	0.65144273774752	1.5689294819319	0.359915021681098	0.399350430860582	1.61534795191502	1.09739407491699	1.97740418423355	2.00100719502869	2.48967353280349
0.114873812705683	-0.799521144995402	-0.801160162398134	-1.44441123338665	0.355898083108809	-0.100179837591523	-0.0466783313053902	1.12553642797165	-0.769155368467711	-0.052479425331474
2.82605565880461	1.7067689824752	2.08729138976123	0.713000913951248	1.11536849421483	0.351680473878733	0.93117556254704	-0.644615538372668	0.636524449531593	-0.30044383416761
0.147772247947054	0.582447906984421	0.288495040829016	-1.06148696759352	-0.702876647997071	0.828341890989876	1.16947058824322	0.918059173388209	1.23973685900689	1.45199674215376
0.198627616347999	0.425535332974412	-0.372114739389669	-0.12503741268327	-0.228839170335502	0.736978955406361	0.540378532418254	1.10591399665316	0.933002800915952	1.68175050386831
1.1937037007545	0.802508903862915	1.01632386913886	1.32638822055243	2.14266682731949	0.882278564032246	1.16745415874602	1.38375512078242	0.170082019069408	0.028438293703739
-0.353541639366705	0.952493658614758	-0.977002986000921	-0.376253242414095	1.10039880921787	-1.10822866576191	0.0815267756456569	-0.532255376632699	-0.817391152748785	0.805166451860823
1.53442502004085	2.06366813379715	0.941247673519515	1.47678068201164	1.73085238431689	1.27530314629447	1.27194492308829	0.268037902281065	-0.0948694760726415	1.9636565484097
0.669841350559204	0.118561875513126	0.194397169370971	0.380616179933787	0.786705436605331	-0.689606131317421	-1.23700396469221	-0.456397623987289	-1.61264115512958	-0.59745898485501
2.66215262877504	2.23752245935999	3.72327223820038	3.03903761885834	2.92511694402807	1.35938037161581	2.31428437115812	2.01071197983185	1.40534298057011	2.5399800787713
-0.203123473613808	0.00555016190669369	0.618748799977898	1.12919432606533	-0.661655692265318	-0.851182644053426	0.167964811844568	-0.0263939552093939	-0.0468108471030204	-0.190561859153323
-0.285131201822311	-0.319614239743461	0.68080880264885	0.531247185278636	0.273260498985605	1.37460156824487	1.77865522949334	0.732027989816844	2.08270755266027	1.15164859180643
1.18773034835782	1.72300258000209	1.3392072842834	2.13508365809657	1.37658079280087	1.04604787127053	1.24448327235034	1.21336361255589	1.85265673300721	-0.0594207627541246
1.96872231603835	1.92130570066348	0.775371051262231	0.606192742912106	2.02458440711376	3.1748330511346	2.53865058039357	2.65105296930408	2.18298778257836	2.63759616781234
2.02211419798285	0.684326156529555	0.720821320810725	1.52425751592761	-0.0332469499156357	1.41238190558376	0.133023263774308	1.07658920712832	0.657809524675326	-0.713742795409593
0.186275362148291	1.3022305427985	0.293165316079346	0.988349685112936	0.396516668937913	-1.87258303662578	-0.145578844468721	-1.22961200835494	0.263085792661888	-0.762761853017597
3.26962727380492	2.38071754436091	3.07389580382841	2.64477381041131	2.73549349732823	0.691366933191352	0.214927707258966	-1.20430766097848	1.79515413387003	1.14391759709241
-0.164976030290432	-0.184789653336838	1.52386871404376	-0.156713412742446	1.24796013405036	-0.629855773909795	-0.589259758194781	-0.914119793602854	-0.417152600524527	0.110070410730834
2.56708957444173	1.39494609266373	0.764628854773586	0.788587475392326	0.705927086779586	-0.135790708050663	0.240657461057994	0.435239918042549	0.0696966540721787	0.737088438073203
1.02339866155486	1.80224266433677	0.726044913302496	1.70071900948079	1.23690016149914	0.687382409234216	1.27591950976083	-0.409926676848713	-0.0151757136459953	-0.295106203559896
-1.65044121596267	-1.93576112318822	-1.76086626543514	-1.68312664623128	-0.166088578284484	-0.0498286680521711	-1.69666288440265	-0.681238259814479	-0.410701714348402	-0.553959256802216
-0.0831215580144673	0.762374361809602	-0.635417152503687	0.121812045828323	0.14544908567281	1.24601832200385	1.88622235884689	1.05478583427005	0.361944683061229	1.24436387227666
1.06027352621583	2.04348438429647	0.973241295276057	0.876882499950268	2.86948780653386	-0.717292448240265	0.111321056850817	-0.603481610055147	0.551845891888113	0.805475859546795
-0.658130185109724	-0.9866621370697	-0.426831419647276	0.533531800378537	-0.487208214700974	-1.11919369737406	-0.840383805968688	-1.41427834990225	-1.16245195402224	-0.807257538438569
1.22478082307105	0.417736644964015	0.792891950792192	0.0590583021081665	0.589698963451688	-0.287293521341891	-0.586526356878802	-0.887919821377858	-1.34442388557487	-1.18515037132936
1.59611143967057	0.203061529386529	1.47640713901321	1.35412063245522	0.122994712843615	1.89839573167917	0.483321786142891	1.19114347464382	0.265436551836709	0.545199593181613
